Date,Open,High,Low,Close,Volume,Dividends,Stock Splits
2025-11-25 00:00:00-05:00,0.09,0.11,0.09,0.1,70457,0.0,0.0
2025-11-24 00:00:00-05:00,0.1,0.11,0.09,0.1,130143,0.0,0.0
2025-11-21 00:00:00-05:00,0.1,0.11,0.1,0.11,81300,0.0,0.0
2025-11-20 00:00:00-05:00,0.1,0.1,0.1,0.1,69700,0.0,0.0
2025-11-19 00:00:00-05:00,0.1,0.1,0.09,0.1,132300,0.0,0.0
2025-11-18 00:00:00-05:00,0.09,0.1,0.08,0.09,97900,0.0,0.0
2025-11-17 00:00:00-05:00,0.1,0.1,0.09,0.09,250600,0.0,0.0
2025-11-14 00:00:00-05:00,0.09,0.1,0.08,0.09,191700,0.0,0.0
2025-11-13 00:00:00-05:00,0.09,0.09,0.08,0.09,117500,0.0,0.0
2025-11-12 00:00:00-05:00,0.09,0.09,0.08,0.08,187900,0.0,0.0
2025-11-11 00:00:00-05:00,0.09,0.09,0.07,0.08,127100,0.0,0.0
2025-11-10 00:00:00-05:00,0.09,0.1,0.09,0.09,77300,0.0,0.0
2025-11-07 00:00:00-05:00,0.09,0.1,0.09,0.09,60200,0.0,0.0
2025-11-06 00:00:00-05:00,0.08,0.11,0.08,0.1,548100,0.0,0.0
2025-11-05 00:00:00-05:00,0.09,0.09,0.08,0.09,62600,0.0,0.0
2025-11-04 00:00:00-05:00,0.08,0.09,0.07,0.09,207100,0.0,0.0
2025-11-03 00:00:00-05:00,0.09,0.09,0.07,0.08,101100,0.0,0.0
2025-10-31 00:00:00-04:00,0.08,0.09,0.08,0.08,104300,0.0,0.0
2025-10-30 00:00:00-04:00,0.08,0.09,0.08,0.09,205600,0.0,0.0
2025-10-29 00:00:00-04:00,0.08,0.09,0.08,0.09,166900,0.0,0.0
2025-10-28 00:00:00-04:00,0.09,0.09,0.08,0.09,312400,0.0,0.0
2025-10-27 00:00:00-04:00,0.08,0.09,0.08,0.08,62100,0.0,0.0
2025-10-24 00:00:00-04:00,0.08,0.1,0.08,0.09,40300,0.0,0.0
2025-10-23 00:00:00-04:00,0.09,0.1,0.09,0.09,85700,0.0,0.0
2025-10-22 00:00:00-04:00,0.09,0.09,0.09,0.09,20000,0.0,0.0
2025-10-21 00:00:00-04:00,0.1,0.1,0.09,0.09,6700,0.0,0.0
2025-10-20 00:00:00-04:00,0.09,0.1,0.08,0.09,132200,0.0,0.0
2025-10-17 00:00:00-04:00,0.1,0.1,0.09,0.09,30100,0.0,0.0
2025-10-16 00:00:00-04:00,0.08,0.1,0.08,0.09,1006600,0.0,0.0
2025-10-15 00:00:00-04:00,0.11,0.11,0.08,0.09,556700,0.0,0.0
2025-10-14 00:00:00-04:00,0.1,0.11,0.09,0.1,774500,0.0,0.0
2025-10-13 00:00:00-04:00,0.11,0.11,0.1,0.1,55900,0.0,0.0
2025-10-10 00:00:00-04:00,0.11,0.11,0.1,0.11,25000,0.0,0.0
2025-10-09 00:00:00-04:00,0.11,0.11,0.11,0.11,26900,0.0,0.0
2025-10-08 00:00:00-04:00,0.12,0.12,0.1,0.1,140700,0.0,0.0
2025-10-07 00:00:00-04:00,0.12,0.12,0.11,0.12,70700,0.0,0.0
2025-10-06 00:00:00-04:00,0.11,0.12,0.11,0.12,152700,0.0,0.0
2025-10-03 00:00:00-04:00,0.11,0.12,0.1,0.11,321500,0.0,0.0
2025-10-02 00:00:00-04:00,0.11,0.11,0.11,0.11,35500,0.0,0.0
2025-10-01 00:00:00-04:00,0.11,0.11,0.11,0.11,22500,0.0,0.0
2025-09-30 00:00:00-04:00,0.11,0.11,0.11,0.11,84100,0.0,0.0
2025-09-29 00:00:00-04:00,0.1,0.11,0.1,0.11,25300,0.0,0.0
2025-09-26 00:00:00-04:00,0.1,0.1,0.1,0.1,25300,0.0,0.0
2025-09-25 00:00:00-04:00,0.1,0.1,0.1,0.1,149700,0.0,0.0
2025-09-24 00:00:00-04:00,0.1,0.11,0.1,0.1,22300,0.0,0.0
2025-09-23 00:00:00-04:00,0.1,0.11,0.1,0.1,67600,0.0,0.0
2025-09-22 00:00:00-04:00,0.1,0.11,0.1,0.11,23600,0.0,0.0
2025-09-19 00:00:00-04:00,0.1,0.1,0.1,0.1,5100,0.0,0.0
2025-09-18 00:00:00-04:00,0.1,0.11,0.1,0.1,98900,0.0,0.0
2025-09-17 00:00:00-04:00,0.1,0.1,0.09,0.1,133900,0.0,0.0
2025-09-16 00:00:00-04:00,0.1,0.1,0.09,0.1,156300,0.0,0.0
2025-09-15 00:00:00-04:00,0.1,0.11,0.09,0.09,916000,0.0,0.0
2025-09-12 00:00:00-04:00,0.09,0.1,0.09,0.1,649700,0.0,0.0
2025-09-11 00:00:00-04:00,0.1,0.11,0.08,0.1,89500,0.0,0.0
2025-09-10 00:00:00-04:00,0.11,0.11,0.1,0.1,55000,0.0,0.0
2025-09-09 00:00:00-04:00,0.09,0.1,0.09,0.1,127800,0.0,0.0
2025-09-08 00:00:00-04:00,0.09,0.1,0.09,0.1,50900,0.0,0.0
2025-09-05 00:00:00-04:00,0.1,0.1,0.09,0.1,35700,0.0,0.0
2025-09-04 00:00:00-04:00,0.09,0.1,0.09,0.1,29900,0.0,0.0
2025-09-03 00:00:00-04:00,0.09,0.11,0.09,0.11,115800,0.0,0.0
2025-09-02 00:00:00-04:00,0.1,0.11,0.1,0.1,84500,0.0,0.0
2025-08-29 00:00:00-04:00,0.1,0.1,0.1,0.1,0,0.0,0.0
2025-08-28 00:00:00-04:00,0.11,0.11,0.1,0.1,7200,0.0,0.0
2025-08-27 00:00:00-04:00,0.1,0.11,0.1,0.11,164700,0.0,0.0
2025-08-26 00:00:00-04:00,0.09,0.1,0.09,0.1,57700,0.0,0.0
2025-08-25 00:00:00-04:00,0.1,0.1,0.09,0.1,106700,0.0,0.0
2025-08-22 00:00:00-04:00,0.09,0.1,0.09,0.1,11900,0.0,0.0
2025-08-21 00:00:00-04:00,0.09,0.09,0.09,0.09,800,0.0,0.0
2025-08-20 00:00:00-04:00,0.09,0.1,0.08,0.08,101800,0.0,0.0
2025-08-19 00:00:00-04:00,0.09,0.09,0.09,0.09,3000,0.0,0.0
2025-08-18 00:00:00-04:00,0.08,0.09,0.08,0.09,6200,0.0,0.0
2025-08-15 00:00:00-04:00,0.09,0.1,0.08,0.1,5700,0.0,0.0
2025-08-14 00:00:00-04:00,0.08,0.09,0.08,0.09,27600,0.0,0.0
2025-08-13 00:00:00-04:00,0.08,0.09,0.08,0.09,195300,0.0,0.0
2025-08-12 00:00:00-04:00,0.09,0.09,0.08,0.08,23100,0.0,0.0
2025-08-11 00:00:00-04:00,0.09,0.1,0.08,0.1,67900,0.0,0.0
2025-08-08 00:00:00-04:00,0.08,0.09,0.08,0.09,79100,0.0,0.0
2025-08-07 00:00:00-04:00,0.09,0.09,0.09,0.09,14700,0.0,0.0
2025-08-06 00:00:00-04:00,0.1,0.1,0.08,0.1,22300,0.0,0.0
2025-08-05 00:00:00-04:00,0.09,0.09,0.09,0.09,314300,0.0,0.0
2025-08-04 00:00:00-04:00,0.09,0.09,0.08,0.09,61100,0.0,0.0
2025-08-01 00:00:00-04:00,0.09,0.1,0.08,0.1,149400,0.0,0.0
2025-07-31 00:00:00-04:00,0.09,0.09,0.07,0.09,250000,0.0,0.0
2025-07-30 00:00:00-04:00,0.09,0.09,0.07,0.09,700600,0.0,0.0
2025-07-29 00:00:00-04:00,0.09,0.09,0.09,0.09,20100,0.0,0.0
2025-07-28 00:00:00-04:00,0.09,0.09,0.08,0.09,70900,0.0,0.0
2025-07-25 00:00:00-04:00,0.09,0.09,0.09,0.09,58400,0.0,0.0
2025-07-24 00:00:00-04:00,0.09,0.09,0.09,0.09,83100,0.0,0.0
2025-07-23 00:00:00-04:00,0.09,0.1,0.09,0.09,121100,0.0,0.0
2025-07-22 00:00:00-04:00,0.09,0.09,0.09,0.09,83200,0.0,0.0
2025-07-21 00:00:00-04:00,0.1,0.1,0.09,0.1,282700,0.0,0.0
2025-07-18 00:00:00-04:00,0.1,0.1,0.09,0.09,291000,0.0,0.0
2025-07-17 00:00:00-04:00,0.1,0.1,0.09,0.1,67400,0.0,0.0
2025-07-16 00:00:00-04:00,0.1,0.1,0.09,0.09,140900,0.0,0.0
2025-07-15 00:00:00-04:00,0.09,0.1,0.09,0.1,418900,0.0,0.0
2025-07-14 00:00:00-04:00,0.1,0.1,0.09,0.1,396300,0.0,0.0
2025-07-11 00:00:00-04:00,0.09,0.11,0.09,0.1,688000,0.0,0.0
2025-07-10 00:00:00-04:00,0.1,0.1,0.09,0.09,385400,0.0,0.0
2025-07-09 00:00:00-04:00,0.11,0.11,0.1,0.1,38600,0.0,0.0
2025-07-08 00:00:00-04:00,0.12,0.12,0.1,0.11,159000,0.0,0.0
2025-07-07 00:00:00-04:00,0.09,0.12,0.09,0.11,420500,0.0,0.0
2025-07-03 00:00:00-04:00,0.09,0.09,0.09,0.09,17200,0.0,0.0
2025-07-02 00:00:00-04:00,0.09,0.1,0.09,0.1,190500,0.0,0.0
2025-07-01 00:00:00-04:00,0.09,0.1,0.09,0.09,264300,0.0,0.0
2025-06-30 00:00:00-04:00,0.09,0.1,0.09,0.09,221100,0.0,0.0
2025-06-27 00:00:00-04:00,0.08,0.09,0.08,0.09,57200,0.0,0.0
2025-06-26 00:00:00-04:00,0.09,0.09,0.08,0.09,96500,0.0,0.0
2025-06-25 00:00:00-04:00,0.09,0.09,0.09,0.09,44600,0.0,0.0
2025-06-24 00:00:00-04:00,0.09,0.1,0.09,0.09,53200,0.0,0.0
2025-06-23 00:00:00-04:00,0.09,0.1,0.09,0.1,399200,0.0,0.0
2025-06-20 00:00:00-04:00,0.09,0.09,0.08,0.09,10600,0.0,0.0
2025-06-18 00:00:00-04:00,0.09,0.1,0.09,0.09,40000,0.0,0.0
2025-06-17 00:00:00-04:00,0.09,0.1,0.09,0.09,27900,0.0,0.0
2025-06-16 00:00:00-04:00,0.1,0.1,0.09,0.09,90100,0.0,0.0
2025-06-13 00:00:00-04:00,0.11,0.11,0.09,0.09,70300,0.0,0.0
2025-06-12 00:00:00-04:00,0.1,0.1,0.1,0.1,36600,0.0,0.0
2025-06-11 00:00:00-04:00,0.09,0.1,0.09,0.1,267700,0.0,0.0
2025-06-10 00:00:00-04:00,0.09,0.1,0.09,0.09,52100,0.0,0.0
2025-06-09 00:00:00-04:00,0.08,0.09,0.08,0.09,194100,0.0,0.0
2025-06-06 00:00:00-04:00,0.1,0.1,0.07,0.09,417000,0.0,0.0
2025-06-05 00:00:00-04:00,0.1,0.11,0.1,0.1,15300,0.0,0.0
2025-06-04 00:00:00-04:00,0.09,0.11,0.09,0.11,410100,0.0,0.0
2025-06-03 00:00:00-04:00,0.12,0.12,0.09,0.11,93800,0.0,0.0
2025-06-02 00:00:00-04:00,0.11,0.12,0.11,0.11,26800,0.0,0.0
2025-05-30 00:00:00-04:00,0.12,0.12,0.11,0.12,97400,0.0,0.0
2025-05-29 00:00:00-04:00,0.11,0.12,0.11,0.12,25000,0.0,0.0
2025-05-28 00:00:00-04:00,0.11,0.12,0.11,0.11,164800,0.0,0.0
2025-05-27 00:00:00-04:00,0.12,0.12,0.11,0.11,44200,0.0,0.0
2025-05-23 00:00:00-04:00,0.14,0.14,0.11,0.12,543300,0.0,0.0
2025-05-22 00:00:00-04:00,0.14,0.14,0.12,0.13,221200,0.0,0.0
2025-05-21 00:00:00-04:00,0.14,0.14,0.13,0.13,35000,0.0,0.0
2025-05-20 00:00:00-04:00,0.13,0.14,0.13,0.14,292500,0.0,0.0
2025-05-19 00:00:00-04:00,0.13,0.13,0.13,0.13,29800,0.0,0.0
2025-05-16 00:00:00-04:00,0.13,0.13,0.13,0.13,26400,0.0,0.0
2025-05-15 00:00:00-04:00,0.13,0.13,0.13,0.13,11600,0.0,0.0
2025-05-14 00:00:00-04:00,0.13,0.14,0.13,0.13,399700,0.0,0.0
2025-05-13 00:00:00-04:00,0.13,0.14,0.13,0.13,31200,0.0,0.0
2025-05-12 00:00:00-04:00,0.13,0.14,0.13,0.14,183600,0.0,0.0
2025-05-09 00:00:00-04:00,0.14,0.15,0.13,0.14,236100,0.0,0.0
2025-05-08 00:00:00-04:00,0.14,0.14,0.13,0.13,114300,0.0,0.0
2025-05-07 00:00:00-04:00,0.14,0.14,0.13,0.14,221400,0.0,0.0
2025-05-06 00:00:00-04:00,0.14,0.14,0.13,0.13,332300,0.0,0.0
2025-05-05 00:00:00-04:00,0.14,0.14,0.14,0.14,107100,0.0,0.0
2025-05-02 00:00:00-04:00,0.14,0.15,0.13,0.14,349700,0.0,0.0
2025-05-01 00:00:00-04:00,0.13,0.14,0.13,0.14,30700,0.0,0.0
2025-04-30 00:00:00-04:00,0.13,0.13,0.13,0.13,6600,0.0,0.0
2025-04-29 00:00:00-04:00,0.13,0.13,0.13,0.13,23600,0.0,0.0
2025-04-28 00:00:00-04:00,0.14,0.14,0.13,0.13,188900,0.0,0.0
2025-04-25 00:00:00-04:00,0.14,0.14,0.13,0.13,323800,0.0,0.0
2025-04-24 00:00:00-04:00,0.14,0.15,0.13,0.14,79500,0.0,0.0
2025-04-23 00:00:00-04:00,0.15,0.15,0.13,0.13,48400,0.0,0.0
2025-04-22 00:00:00-04:00,0.14,0.15,0.13,0.14,206700,0.0,0.0
2025-04-21 00:00:00-04:00,0.12,0.14,0.12,0.14,293700,0.0,0.0
2025-04-17 00:00:00-04:00,0.13,0.13,0.11,0.12,200400,0.0,0.0
2025-04-16 00:00:00-04:00,0.13,0.13,0.11,0.12,602300,0.0,0.0
2025-04-15 00:00:00-04:00,0.16,0.16,0.12,0.12,294300,0.0,0.0
2025-04-14 00:00:00-04:00,0.14,0.17,0.14,0.16,666300,0.0,0.0
2025-04-11 00:00:00-04:00,0.13,0.13,0.11,0.12,187100,0.0,0.0
2025-04-10 00:00:00-04:00,0.08,0.16,0.08,0.13,803300,0.0,0.0
2025-04-09 00:00:00-04:00,0.06,0.09,0.06,0.08,1469300,0.0,0.0
2025-04-08 00:00:00-04:00,0.06,0.06,0.06,0.06,442600,0.0,0.0
2025-04-07 00:00:00-04:00,0.05,0.06,0.05,0.06,263300,0.0,0.0
2025-04-04 00:00:00-04:00,0.05,0.05,0.04,0.05,186100,0.0,0.0
2025-04-03 00:00:00-04:00,0.05,0.05,0.04,0.04,263400,0.0,0.0
2025-04-02 00:00:00-04:00,0.04,0.05,0.04,0.05,481200,0.0,0.0
2025-04-01 00:00:00-04:00,0.04,0.05,0.04,0.04,349200,0.0,0.0
2025-03-31 00:00:00-04:00,0.03,0.04,0.03,0.04,537400,0.0,0.0
2025-03-28 00:00:00-04:00,0.03,0.03,0.03,0.03,0,0.0,0.0
2025-03-27 00:00:00-04:00,0.03,0.03,0.03,0.03,6000,0.0,0.0
2025-03-26 00:00:00-04:00,0.03,0.03,0.03,0.03,67800,0.0,0.0
2025-03-25 00:00:00-04:00,0.03,0.03,0.03,0.03,2000,0.0,0.0
2025-03-24 00:00:00-04:00,0.03,0.03,0.03,0.03,10100,0.0,0.0
2025-03-21 00:00:00-04:00,0.03,0.03,0.03,0.03,1400,0.0,0.0
2025-03-20 00:00:00-04:00,0.02,0.03,0.02,0.03,44100,0.0,0.0
2025-03-19 00:00:00-04:00,0.03,0.03,0.02,0.02,52300,0.0,0.0
2025-03-18 00:00:00-04:00,0.03,0.03,0.02,0.02,17400,0.0,0.0
2025-03-17 00:00:00-04:00,0.02,0.03,0.02,0.02,55400,0.0,0.0
2025-03-14 00:00:00-04:00,0.03,0.03,0.02,0.02,337300,0.0,0.0
2025-03-13 00:00:00-04:00,0.03,0.03,0.03,0.03,81000,0.0,0.0
2025-03-12 00:00:00-04:00,0.04,0.04,0.03,0.04,43200,0.0,0.0
2025-03-11 00:00:00-04:00,0.04,0.04,0.03,0.03,80500,0.0,0.0
2025-03-10 00:00:00-04:00,0.04,0.04,0.03,0.04,65500,0.0,0.0
2025-03-07 00:00:00-05:00,0.04,0.04,0.04,0.04,140500,0.0,0.0
2025-03-06 00:00:00-05:00,0.03,0.03,0.03,0.03,14800,0.0,0.0
2025-03-05 00:00:00-05:00,0.03,0.03,0.03,0.03,100,0.0,0.0
2025-03-04 00:00:00-05:00,0.03,0.04,0.03,0.03,10100,0.0,0.0
2025-03-03 00:00:00-05:00,0.03,0.03,0.03,0.03,0,0.0,0.0
2025-02-28 00:00:00-05:00,0.04,0.04,0.03,0.03,45600,0.0,0.0
2025-02-27 00:00:00-05:00,0.04,0.04,0.03,0.04,10300,0.0,0.0
2025-02-26 00:00:00-05:00,0.03,0.04,0.03,0.04,8900,0.0,0.0
2025-02-25 00:00:00-05:00,0.03,0.04,0.03,0.03,65900,0.0,0.0
2025-02-24 00:00:00-05:00,0.03,0.03,0.03,0.03,0,0.0,0.0
2025-02-21 00:00:00-05:00,0.03,0.04,0.03,0.03,20100,0.0,0.0
2025-02-20 00:00:00-05:00,0.04,0.04,0.03,0.04,38300,0.0,0.0
2025-02-19 00:00:00-05:00,0.04,0.04,0.04,0.04,51900,0.0,0.0
2025-02-18 00:00:00-05:00,0.04,0.04,0.04,0.04,500,0.0,0.0
2025-02-14 00:00:00-05:00,0.04,0.04,0.04,0.04,46100,0.0,0.0
2025-02-13 00:00:00-05:00,0.04,0.04,0.04,0.04,342900,0.0,0.0
2025-02-12 00:00:00-05:00,0.04,0.04,0.04,0.04,12500,0.0,0.0
2025-02-11 00:00:00-05:00,0.04,0.04,0.03,0.04,34600,0.0,0.0
2025-02-10 00:00:00-05:00,0.04,0.04,0.03,0.04,66500,0.0,0.0
2025-02-07 00:00:00-05:00,0.04,0.04,0.03,0.03,231400,0.0,0.0
2025-02-06 00:00:00-05:00,0.03,0.04,0.03,0.03,4200,0.0,0.0
2025-02-05 00:00:00-05:00,0.03,0.04,0.03,0.03,45800,0.0,0.0
2025-02-04 00:00:00-05:00,0.04,0.04,0.04,0.04,53700,0.0,0.0
2025-02-03 00:00:00-05:00,0.03,0.03,0.03,0.03,10900,0.0,0.0
2025-01-31 00:00:00-05:00,0.04,0.04,0.04,0.04,46400,0.0,0.0
2025-01-30 00:00:00-05:00,0.03,0.03,0.03,0.03,277300,0.0,0.0
2025-01-29 00:00:00-05:00,0.04,0.04,0.03,0.03,1100,0.0,0.0
2025-01-28 00:00:00-05:00,0.03,0.03,0.03,0.03,53600,0.0,0.0
2025-01-27 00:00:00-05:00,0.03,0.04,0.03,0.03,74200,0.0,0.0
2025-01-24 00:00:00-05:00,0.04,0.04,0.03,0.04,298500,0.0,0.0
2025-01-23 00:00:00-05:00,0.04,0.04,0.04,0.04,12900,0.0,0.0
2025-01-22 00:00:00-05:00,0.04,0.04,0.04,0.04,49100,0.0,0.0
2025-01-21 00:00:00-05:00,0.04,0.04,0.04,0.04,85300,0.0,0.0
2025-01-17 00:00:00-05:00,0.05,0.05,0.05,0.05,0,0.0,0.0
2025-01-16 00:00:00-05:00,0.05,0.05,0.04,0.05,40200,0.0,0.0
2025-01-15 00:00:00-05:00,0.05,0.05,0.04,0.04,30200,0.0,0.0
2025-01-14 00:00:00-05:00,0.04,0.05,0.04,0.04,72700,0.0,0.0
2025-01-13 00:00:00-05:00,0.04,0.04,0.04,0.04,53200,0.0,0.0
2025-01-10 00:00:00-05:00,0.04,0.05,0.04,0.05,31200,0.0,0.0
2025-01-08 00:00:00-05:00,0.04,0.04,0.04,0.04,87500,0.0,0.0
2025-01-07 00:00:00-05:00,0.04,0.04,0.04,0.04,171200,0.0,0.0
2025-01-06 00:00:00-05:00,0.04,0.04,0.04,0.04,216600,0.0,0.0
2025-01-03 00:00:00-05:00,0.04,0.04,0.04,0.04,28500,0.0,0.0
2025-01-02 00:00:00-05:00,0.04,0.04,0.04,0.04,0,0.0,0.0
2024-12-31 00:00:00-05:00,0.04,0.05,0.04,0.04,32200,0.0,0.0
2024-12-30 00:00:00-05:00,0.04,0.05,0.04,0.04,59800,0.0,0.0
2024-12-27 00:00:00-05:00,0.04,0.05,0.04,0.05,50000,0.0,0.0
2024-12-26 00:00:00-05:00,0.04,0.05,0.04,0.05,6100,0.0,0.0
2024-12-24 00:00:00-05:00,0.04,0.04,0.04,0.04,50300,0.0,0.0
2024-12-23 00:00:00-05:00,0.04,0.04,0.04,0.04,27900,0.0,0.0
2024-12-20 00:00:00-05:00,0.04,0.04,0.04,0.04,42800,0.0,0.0
2024-12-19 00:00:00-05:00,0.04,0.04,0.04,0.04,7400,0.0,0.0
2024-12-18 00:00:00-05:00,0.05,0.05,0.04,0.04,55500,0.0,0.0
2024-12-17 00:00:00-05:00,0.04,0.04,0.04,0.04,10300,0.0,0.0
2024-12-16 00:00:00-05:00,0.04,0.04,0.04,0.04,44100,0.0,0.0
2024-12-13 00:00:00-05:00,0.05,0.05,0.04,0.04,28800,0.0,0.0
2024-12-12 00:00:00-05:00,0.05,0.05,0.04,0.04,29300,0.0,0.0
2024-12-11 00:00:00-05:00,0.04,0.05,0.04,0.04,24600,0.0,0.0
2024-12-10 00:00:00-05:00,0.05,0.05,0.04,0.05,24800,0.0,0.0
2024-12-09 00:00:00-05:00,0.04,0.05,0.04,0.04,33200,0.0,0.0
2024-12-06 00:00:00-05:00,0.04,0.04,0.04,0.04,153600,0.0,0.0
2024-12-05 00:00:00-05:00,0.04,0.05,0.04,0.05,79900,0.0,0.0
2024-12-04 00:00:00-05:00,0.05,0.05,0.04,0.04,51300,0.0,0.0
2024-12-03 00:00:00-05:00,0.04,0.04,0.04,0.04,106200,0.0,0.0
2024-12-02 00:00:00-05:00,0.04,0.05,0.04,0.05,47600,0.0,0.0
2024-11-29 00:00:00-05:00,0.04,0.05,0.04,0.05,33300,0.0,0.0
2024-11-27 00:00:00-05:00,0.04,0.05,0.04,0.04,19600,0.0,0.0
2024-11-26 00:00:00-05:00,0.04,0.05,0.04,0.04,70900,0.0,0.0
2024-11-25 00:00:00-05:00,0.04,0.05,0.04,0.04,57800,0.0,0.0
2024-11-22 00:00:00-05:00,0.04,0.05,0.04,0.05,28100,0.0,0.0
2024-11-21 00:00:00-05:00,0.04,0.04,0.04,0.04,7300,0.0,0.0
2024-11-20 00:00:00-05:00,0.05,0.05,0.04,0.05,34100,0.0,0.0
2024-11-19 00:00:00-05:00,0.05,0.05,0.05,0.05,1400,0.0,0.0
2024-11-18 00:00:00-05:00,0.04,0.05,0.04,0.04,9700,0.0,0.0
2024-11-15 00:00:00-05:00,0.05,0.05,0.04,0.05,170200,0.0,0.0
2024-11-14 00:00:00-05:00,0.04,0.05,0.04,0.05,135000,0.0,0.0
2024-11-13 00:00:00-05:00,0.04,0.04,0.04,0.04,10100,0.0,0.0
2024-11-12 00:00:00-05:00,0.05,0.05,0.04,0.04,84500,0.0,0.0
2024-11-11 00:00:00-05:00,0.04,0.05,0.04,0.04,46100,0.0,0.0
2024-11-08 00:00:00-05:00,0.05,0.05,0.04,0.04,145700,0.0,0.0
2024-11-07 00:00:00-05:00,0.05,0.05,0.04,0.04,73900,0.0,0.0
2024-11-06 00:00:00-05:00,0.06,0.06,0.04,0.05,234300,0.0,0.0
2024-11-05 00:00:00-05:00,0.05,0.05,0.05,0.05,7300,0.0,0.0
2024-11-04 00:00:00-05:00,0.05,0.05,0.05,0.05,13500,0.0,0.0
2024-11-01 00:00:00-04:00,0.06,0.06,0.05,0.06,4500,0.0,0.0
2024-10-31 00:00:00-04:00,0.05,0.06,0.05,0.06,3500,0.0,0.0
2024-10-30 00:00:00-04:00,0.05,0.05,0.05,0.05,8300,0.0,0.0
2024-10-29 00:00:00-04:00,0.05,0.05,0.05,0.05,26400,0.0,0.0
2024-10-28 00:00:00-04:00,0.05,0.05,0.05,0.05,86900,0.0,0.0
2024-10-25 00:00:00-04:00,0.05,0.05,0.05,0.05,16900,0.0,0.0
2024-10-24 00:00:00-04:00,0.05,0.05,0.05,0.05,318300,0.0,0.0
2024-10-23 00:00:00-04:00,0.05,0.06,0.05,0.06,172400,0.0,0.0
2024-10-22 00:00:00-04:00,0.05,0.05,0.05,0.05,600,0.0,0.0
2024-10-21 00:00:00-04:00,0.06,0.06,0.05,0.05,57700,0.0,0.0
2024-10-18 00:00:00-04:00,0.06,0.06,0.06,0.06,5800,0.0,0.0
2024-10-17 00:00:00-04:00,0.06,0.06,0.06,0.06,0,0.0,0.0
2024-10-16 00:00:00-04:00,0.06,0.06,0.06,0.06,30600,0.0,0.0
2024-10-15 00:00:00-04:00,0.06,0.06,0.06,0.06,42700,0.0,0.0
2024-10-14 00:00:00-04:00,0.06,0.07,0.06,0.07,191600,0.0,0.0
2024-10-11 00:00:00-04:00,0.07,0.07,0.06,0.06,47600,0.0,0.0
2024-10-10 00:00:00-04:00,0.07,0.07,0.06,0.07,72100,0.0,0.0
2024-10-09 00:00:00-04:00,0.07,0.08,0.07,0.08,2600,0.0,0.0
2024-10-08 00:00:00-04:00,0.07,0.07,0.07,0.07,11700,0.0,0.0
2024-10-07 00:00:00-04:00,0.07,0.08,0.07,0.08,64200,0.0,0.0
2024-10-04 00:00:00-04:00,0.08,0.08,0.06,0.06,73100,0.0,0.0
2024-10-03 00:00:00-04:00,0.08,0.08,0.08,0.08,5500,0.0,0.0
2024-10-02 00:00:00-04:00,0.08,0.09,0.08,0.09,105600,0.0,0.0
2024-10-01 00:00:00-04:00,0.07,0.09,0.07,0.09,175700,0.0,0.0
2024-09-30 00:00:00-04:00,0.08,0.08,0.08,0.08,40000,0.0,0.0
2024-09-27 00:00:00-04:00,0.09,0.09,0.08,0.08,2800,0.0,0.0
2024-09-26 00:00:00-04:00,0.09,0.09,0.08,0.08,105700,0.0,0.0
2024-09-25 00:00:00-04:00,0.07,0.09,0.06,0.09,161700,0.0,0.0
2024-09-24 00:00:00-04:00,0.07,0.08,0.06,0.06,49400,0.0,0.0
2024-09-23 00:00:00-04:00,0.09,0.09,0.07,0.07,46800,0.0,0.0
2024-09-20 00:00:00-04:00,0.09,0.11,0.09,0.1,218700,0.0,0.0
2024-09-19 00:00:00-04:00,0.09,0.09,0.06,0.09,127500,0.0,0.0
2024-09-18 00:00:00-04:00,0.06,0.07,0.05,0.07,80100,0.0,0.0
2024-09-17 00:00:00-04:00,0.05,0.07,0.05,0.06,85800,0.0,0.0
2024-09-16 00:00:00-04:00,0.06,0.09,0.05,0.07,80300,0.0,0.0
2024-09-13 00:00:00-04:00,0.06,0.06,0.06,0.06,500,0.0,0.0
2024-09-12 00:00:00-04:00,0.06,0.06,0.06,0.06,0,0.0,0.0
2024-09-11 00:00:00-04:00,0.06,0.08,0.06,0.06,23300,0.0,0.0
2024-09-10 00:00:00-04:00,0.07,0.08,0.06,0.07,8400,0.0,0.0
2024-09-09 00:00:00-04:00,0.05,0.09,0.05,0.08,215700,0.0,0.0
2024-09-06 00:00:00-04:00,0.05,0.06,0.05,0.06,5700,0.0,0.0
2024-09-05 00:00:00-04:00,0.06,0.06,0.06,0.06,20500,0.0,0.0
2024-09-04 00:00:00-04:00,0.05,0.05,0.05,0.05,300,0.0,0.0
2024-09-03 00:00:00-04:00,0.05,0.06,0.05,0.06,2600,0.0,0.0
2024-08-30 00:00:00-04:00,0.06,0.06,0.05,0.05,10300,0.0,0.0
2024-08-29 00:00:00-04:00,0.05,0.06,0.05,0.05,39600,0.0,0.0
2024-08-28 00:00:00-04:00,0.05,0.06,0.05,0.06,10600,0.0,0.0
2024-08-27 00:00:00-04:00,0.07,0.07,0.05,0.07,12700,0.0,0.0
2024-08-26 00:00:00-04:00,0.05,0.07,0.05,0.07,67600,0.0,0.0
2024-08-23 00:00:00-04:00,0.05,0.06,0.05,0.06,5200,0.0,0.0
2024-08-22 00:00:00-04:00,0.05,0.05,0.05,0.05,0,0.0,0.0
2024-08-21 00:00:00-04:00,0.06,0.07,0.05,0.05,48800,0.0,0.0
2024-08-20 00:00:00-04:00,0.05,0.07,0.05,0.07,31100,0.0,0.0
2024-08-19 00:00:00-04:00,0.06,0.06,0.06,0.06,31900,0.0,0.0
2024-08-16 00:00:00-04:00,0.06,0.06,0.06,0.06,100,0.0,0.0
2024-08-15 00:00:00-04:00,0.06,0.07,0.06,0.06,7300,0.0,0.0
2024-08-14 00:00:00-04:00,0.05,0.07,0.05,0.07,9300,0.0,0.0
2024-08-13 00:00:00-04:00,0.07,0.07,0.07,0.07,1200,0.0,0.0
2024-08-12 00:00:00-04:00,0.05,0.08,0.05,0.07,18000,0.0,0.0
2024-08-09 00:00:00-04:00,0.05,0.08,0.05,0.07,125800,0.0,0.0
2024-08-08 00:00:00-04:00,0.08,0.08,0.05,0.06,68400,0.0,0.0
2024-08-07 00:00:00-04:00,0.07,0.07,0.06,0.07,29300,0.0,0.0
2024-08-06 00:00:00-04:00,0.07,0.07,0.06,0.07,9100,0.0,0.0
2024-08-05 00:00:00-04:00,0.07,0.08,0.06,0.08,95300,0.0,0.0
2024-08-02 00:00:00-04:00,0.08,0.08,0.07,0.08,72700,0.0,0.0
2024-08-01 00:00:00-04:00,0.07,0.08,0.07,0.08,64000,0.0,0.0
2024-07-31 00:00:00-04:00,0.08,0.08,0.07,0.08,50300,0.0,0.0
2024-07-30 00:00:00-04:00,0.07,0.08,0.07,0.08,22200,0.0,0.0
2024-07-29 00:00:00-04:00,0.07,0.07,0.07,0.07,6200,0.0,0.0
2024-07-26 00:00:00-04:00,0.07,0.08,0.07,0.07,52700,0.0,0.0
2024-07-25 00:00:00-04:00,0.07,0.08,0.07,0.08,3800,0.0,0.0
2024-07-24 00:00:00-04:00,0.09,0.09,0.07,0.08,407200,0.0,0.0
2024-07-23 00:00:00-04:00,0.09,0.09,0.08,0.09,88600,0.0,0.0
2024-07-22 00:00:00-04:00,0.09,0.09,0.08,0.09,70600,0.0,0.0
2024-07-19 00:00:00-04:00,0.08,0.09,0.07,0.09,147700,0.0,0.0
2024-07-18 00:00:00-04:00,0.08,0.08,0.05,0.08,238800,0.0,0.0
2024-07-17 00:00:00-04:00,0.08,0.09,0.08,0.09,14700,0.0,0.0
2024-07-16 00:00:00-04:00,0.08,0.09,0.08,0.09,900,0.0,0.0
2024-07-15 00:00:00-04:00,0.08,0.09,0.08,0.09,48500,0.0,0.0
2024-07-12 00:00:00-04:00,0.09,0.1,0.09,0.09,149700,0.0,0.0
2024-07-11 00:00:00-04:00,0.1,0.1,0.08,0.1,314200,0.0,0.0
2024-07-10 00:00:00-04:00,0.09,0.1,0.09,0.09,1700,0.0,0.0
2024-07-09 00:00:00-04:00,0.1,0.1,0.09,0.09,87500,0.0,0.0
2024-07-08 00:00:00-04:00,0.1,0.11,0.09,0.09,58700,0.0,0.0
2024-07-05 00:00:00-04:00,0.1,0.12,0.1,0.11,51600,0.0,0.0
2024-07-03 00:00:00-04:00,0.11,0.11,0.1,0.11,47900,0.0,0.0
2024-07-02 00:00:00-04:00,0.09,0.11,0.09,0.11,46800,0.0,0.0
2024-07-01 00:00:00-04:00,0.08,0.11,0.08,0.1,118800,0.0,0.0
2024-06-28 00:00:00-04:00,0.08,0.1,0.08,0.1,53700,0.0,0.0
2024-06-27 00:00:00-04:00,0.08,0.1,0.08,0.09,32600,0.0,0.0
2024-06-26 00:00:00-04:00,0.09,0.11,0.09,0.09,17100,0.0,0.0
2024-06-25 00:00:00-04:00,0.11,0.11,0.09,0.09,123600,0.0,0.0
2024-06-24 00:00:00-04:00,0.11,0.11,0.1,0.11,63100,0.0,0.0
2024-06-21 00:00:00-04:00,0.1,0.11,0.1,0.11,171600,0.0,0.0
2024-06-20 00:00:00-04:00,0.09,0.1,0.09,0.09,81500,0.0,0.0
2024-06-18 00:00:00-04:00,0.08,0.11,0.08,0.1,109100,0.0,0.0
2024-06-17 00:00:00-04:00,0.11,0.11,0.08,0.1,100800,0.0,0.0
2024-06-14 00:00:00-04:00,0.09,0.12,0.09,0.1,131400,0.0,0.0
2024-06-13 00:00:00-04:00,0.12,0.12,0.08,0.09,216400,0.0,0.0
2024-06-12 00:00:00-04:00,0.09,0.12,0.09,0.12,209000,0.0,0.0
2024-06-11 00:00:00-04:00,0.11,0.12,0.09,0.09,98800,0.0,0.0
2024-06-10 00:00:00-04:00,0.11,0.12,0.1,0.1,51100,0.0,0.0
2024-06-07 00:00:00-04:00,0.12,0.12,0.11,0.11,31800,0.0,0.0
2024-06-06 00:00:00-04:00,0.06,0.11,0.06,0.1,33400,0.0,0.0
2024-06-05 00:00:00-04:00,0.1,0.1,0.09,0.1,22800,0.0,0.0
2024-06-04 00:00:00-04:00,0.09,0.1,0.09,0.1,7600,0.0,0.0
2024-06-03 00:00:00-04:00,0.1,0.1,0.1,0.1,108500,0.0,0.0
2024-05-31 00:00:00-04:00,0.1,0.1,0.1,0.1,500,0.0,0.0
2024-05-30 00:00:00-04:00,0.1,0.1,0.1,0.1,0,0.0,0.0
2024-05-29 00:00:00-04:00,0.1,0.1,0.1,0.1,8600,0.0,0.0
2024-05-28 00:00:00-04:00,0.1,0.1,0.1,0.1,6200,0.0,0.0
2024-05-24 00:00:00-04:00,0.1,0.1,0.1,0.1,15800,0.0,0.0
2024-05-23 00:00:00-04:00,0.1,0.1,0.1,0.1,2600,0.0,0.0
2024-05-22 00:00:00-04:00,0.1,0.11,0.1,0.1,3400,0.0,0.0
2024-05-21 00:00:00-04:00,0.1,0.1,0.1,0.1,28200,0.0,0.0
2024-05-20 00:00:00-04:00,0.1,0.11,0.1,0.11,17600,0.0,0.0
2024-05-17 00:00:00-04:00,0.11,0.11,0.1,0.11,85400,0.0,0.0
2024-05-16 00:00:00-04:00,0.11,0.11,0.11,0.11,25500,0.0,0.0
2024-05-15 00:00:00-04:00,0.11,0.11,0.09,0.09,36800,0.0,0.0
2024-05-14 00:00:00-04:00,0.1,0.1,0.09,0.1,94800,0.0,0.0
2024-05-13 00:00:00-04:00,0.11,0.12,0.1,0.12,25400,0.0,0.0
2024-05-10 00:00:00-04:00,0.11,0.12,0.11,0.12,23400,0.0,0.0
2024-05-09 00:00:00-04:00,0.1,0.12,0.1,0.11,51500,0.0,0.0
2024-05-08 00:00:00-04:00,0.1,0.12,0.1,0.1,23400,0.0,0.0
2024-05-07 00:00:00-04:00,0.1,0.11,0.1,0.1,15500,0.0,0.0
2024-05-06 00:00:00-04:00,0.09,0.12,0.09,0.12,60100,0.0,0.0
2024-05-03 00:00:00-04:00,0.1,0.12,0.1,0.1,77000,0.0,0.0
2024-05-02 00:00:00-04:00,0.11,0.12,0.1,0.12,22400,0.0,0.0
2024-05-01 00:00:00-04:00,0.12,0.12,0.11,0.12,24700,0.0,0.0
2024-04-30 00:00:00-04:00,0.12,0.13,0.11,0.11,35800,0.0,0.0
2024-04-29 00:00:00-04:00,0.12,0.13,0.12,0.12,16600,0.0,0.0
2024-04-26 00:00:00-04:00,0.12,0.12,0.11,0.12,26300,0.0,0.0
2024-04-25 00:00:00-04:00,0.11,0.13,0.11,0.12,7400,0.0,0.0
2024-04-24 00:00:00-04:00,0.11,0.13,0.11,0.13,5000,0.0,0.0
2024-04-23 00:00:00-04:00,0.12,0.13,0.11,0.13,8000,0.0,0.0
2024-04-22 00:00:00-04:00,0.12,0.13,0.12,0.13,11900,0.0,0.0
2024-04-19 00:00:00-04:00,0.11,0.11,0.11,0.11,2000,0.0,0.0
2024-04-18 00:00:00-04:00,0.13,0.13,0.11,0.13,26200,0.0,0.0
2024-04-17 00:00:00-04:00,0.12,0.14,0.12,0.12,24000,0.0,0.0
2024-04-16 00:00:00-04:00,0.12,0.12,0.12,0.12,33200,0.0,0.0
2024-04-15 00:00:00-04:00,0.14,0.14,0.09,0.13,46500,0.0,0.0
2024-04-12 00:00:00-04:00,0.12,0.14,0.12,0.12,68400,0.0,0.0
2024-04-11 00:00:00-04:00,0.12,0.12,0.11,0.12,74300,0.0,0.0
2024-04-10 00:00:00-04:00,0.13,0.13,0.12,0.13,28300,0.0,0.0
2024-04-09 00:00:00-04:00,0.15,0.15,0.13,0.13,30700,0.0,0.0
2024-04-08 00:00:00-04:00,0.13,0.13,0.13,0.13,4000,0.0,0.0
2024-04-05 00:00:00-04:00,0.12,0.13,0.12,0.13,2600,0.0,0.0
2024-04-04 00:00:00-04:00,0.14,0.14,0.13,0.13,22800,0.0,0.0
2024-04-03 00:00:00-04:00,0.12,0.14,0.12,0.14,6800,0.0,0.0
2024-04-02 00:00:00-04:00,0.13,0.13,0.12,0.12,109200,0.0,0.0
2024-04-01 00:00:00-04:00,0.12,0.15,0.12,0.14,136300,0.0,0.0
2024-03-28 00:00:00-04:00,0.12,0.13,0.12,0.12,29200,0.0,0.0
2024-03-27 00:00:00-04:00,0.12,0.13,0.12,0.12,27600,0.0,0.0
2024-03-26 00:00:00-04:00,0.12,0.13,0.12,0.12,39300,0.0,0.0
2024-03-25 00:00:00-04:00,0.13,0.13,0.12,0.12,125100,0.0,0.0
2024-03-22 00:00:00-04:00,0.13,0.13,0.13,0.13,13700,0.0,0.0
2024-03-21 00:00:00-04:00,0.13,0.13,0.13,0.13,127500,0.0,0.0
2024-03-20 00:00:00-04:00,0.13,0.14,0.13,0.13,6700,0.0,0.0
2024-03-19 00:00:00-04:00,0.13,0.13,0.13,0.13,6700,0.0,0.0
2024-03-18 00:00:00-04:00,0.13,0.13,0.13,0.13,54100,0.0,0.0
2024-03-15 00:00:00-04:00,0.13,0.14,0.13,0.13,12200,0.0,0.0
2024-03-14 00:00:00-04:00,0.13,0.14,0.13,0.14,21600,0.0,0.0
2024-03-13 00:00:00-04:00,0.13,0.14,0.13,0.13,16800,0.0,0.0
2024-03-12 00:00:00-04:00,0.14,0.14,0.13,0.14,48400,0.0,0.0
2024-03-11 00:00:00-04:00,0.14,0.14,0.14,0.14,34800,0.0,0.0
2024-03-08 00:00:00-05:00,0.14,0.14,0.14,0.14,7000,0.0,0.0
2024-03-07 00:00:00-05:00,0.14,0.14,0.14,0.14,13600,0.0,0.0
2024-03-06 00:00:00-05:00,0.14,0.14,0.14,0.14,11400,0.0,0.0
2024-03-05 00:00:00-05:00,0.14,0.14,0.14,0.14,9200,0.0,0.0
2024-03-04 00:00:00-05:00,0.14,0.14,0.14,0.14,13700,0.0,0.0
2024-03-01 00:00:00-05:00,0.14,0.14,0.14,0.14,42100,0.0,0.0
2024-02-29 00:00:00-05:00,0.14,0.14,0.14,0.14,79200,0.0,0.0
2024-02-28 00:00:00-05:00,0.14,0.14,0.14,0.14,49000,0.0,0.0
2024-02-27 00:00:00-05:00,0.14,0.14,0.14,0.14,24000,0.0,0.0
2024-02-26 00:00:00-05:00,0.14,0.14,0.14,0.14,22000,0.0,0.0
2024-02-23 00:00:00-05:00,0.14,0.14,0.14,0.14,56900,0.0,0.0
2024-02-22 00:00:00-05:00,0.14,0.14,0.14,0.14,42300,0.0,0.0
2024-02-21 00:00:00-05:00,0.14,0.14,0.14,0.14,2000,0.0,0.0
2024-02-20 00:00:00-05:00,0.14,0.14,0.14,0.14,77900,0.0,0.0
2024-02-16 00:00:00-05:00,0.14,0.15,0.14,0.14,21100,0.0,0.0
2024-02-15 00:00:00-05:00,0.15,0.15,0.14,0.14,12600,0.0,0.0
2024-02-14 00:00:00-05:00,0.14,0.15,0.14,0.14,5700,0.0,0.0
2024-02-13 00:00:00-05:00,0.14,0.15,0.14,0.14,17600,0.0,0.0
2024-02-12 00:00:00-05:00,0.14,0.16,0.14,0.14,113200,0.0,0.0
2024-02-09 00:00:00-05:00,0.14,0.15,0.14,0.14,61400,0.0,0.0
2024-02-08 00:00:00-05:00,0.15,0.17,0.14,0.16,44900,0.0,0.0
2024-02-07 00:00:00-05:00,0.14,0.15,0.14,0.14,63200,0.0,0.0
2024-02-06 00:00:00-05:00,0.13,0.15,0.13,0.14,28800,0.0,0.0
2024-02-05 00:00:00-05:00,0.13,0.15,0.13,0.13,48300,0.0,0.0
2024-02-02 00:00:00-05:00,0.14,0.14,0.14,0.14,52500,0.0,0.0
2024-02-01 00:00:00-05:00,0.14,0.14,0.14,0.14,0,0.0,0.0
2024-01-31 00:00:00-05:00,0.14,0.15,0.14,0.14,5100,0.0,0.0
2024-01-30 00:00:00-05:00,0.14,0.15,0.14,0.15,42000,0.0,0.0
2024-01-29 00:00:00-05:00,0.15,0.15,0.13,0.13,34200,0.0,0.0
2024-01-26 00:00:00-05:00,0.15,0.15,0.15,0.15,100,0.0,0.0
2024-01-25 00:00:00-05:00,0.15,0.15,0.15,0.15,0,0.0,0.0
2024-01-24 00:00:00-05:00,0.13,0.15,0.13,0.15,14500,0.0,0.0
2024-01-23 00:00:00-05:00,0.14,0.15,0.13,0.15,6900,0.0,0.0
2024-01-22 00:00:00-05:00,0.13,0.16,0.13,0.16,20100,0.0,0.0
2024-01-19 00:00:00-05:00,0.12,0.16,0.12,0.16,17000,0.0,0.0
2024-01-18 00:00:00-05:00,0.12,0.16,0.12,0.12,4400,0.0,0.0
2024-01-17 00:00:00-05:00,0.14,0.14,0.14,0.14,1200,0.0,0.0
2024-01-16 00:00:00-05:00,0.16,0.16,0.12,0.14,1500,0.0,0.0
2024-01-12 00:00:00-05:00,0.16,0.16,0.12,0.12,4300,0.0,0.0
2024-01-11 00:00:00-05:00,0.14,0.16,0.14,0.16,500,0.0,0.0
2024-01-10 00:00:00-05:00,0.14,0.16,0.12,0.16,5200,0.0,0.0
2024-01-09 00:00:00-05:00,0.12,0.14,0.12,0.14,5000,0.0,0.0
2024-01-08 00:00:00-05:00,0.13,0.14,0.13,0.13,9100,0.0,0.0
2024-01-05 00:00:00-05:00,0.14,0.14,0.13,0.13,6300,0.0,0.0
2024-01-04 00:00:00-05:00,0.13,0.16,0.13,0.14,17600,0.0,0.0
2024-01-03 00:00:00-05:00,0.14,0.14,0.13,0.13,24200,0.0,0.0
2024-01-02 00:00:00-05:00,0.13,0.14,0.13,0.14,30600,0.0,0.0
2023-12-29 00:00:00-05:00,0.15,0.16,0.08,0.14,171500,0.0,0.0
2023-12-28 00:00:00-05:00,0.13,0.16,0.12,0.14,15900,0.0,0.0
2023-12-27 00:00:00-05:00,0.14,0.14,0.14,0.14,5400,0.0,0.0
2023-12-26 00:00:00-05:00,0.14,0.15,0.14,0.14,37500,0.0,0.0
2023-12-22 00:00:00-05:00,0.15,0.16,0.14,0.14,12600,0.0,0.0
2023-12-21 00:00:00-05:00,0.15,0.16,0.15,0.16,2200,0.0,0.0
2023-12-20 00:00:00-05:00,0.15,0.15,0.14,0.15,15100,0.0,0.0
2023-12-19 00:00:00-05:00,0.17,0.17,0.15,0.16,79600,0.0,0.0
2023-12-18 00:00:00-05:00,0.16,0.17,0.15,0.17,51000,0.0,0.0
2023-12-15 00:00:00-05:00,0.16,0.16,0.16,0.16,700,0.0,0.0
2023-12-14 00:00:00-05:00,0.15,0.17,0.15,0.16,8700,0.0,0.0
2023-12-13 00:00:00-05:00,0.16,0.16,0.15,0.15,28400,0.0,0.0
2023-12-12 00:00:00-05:00,0.17,0.17,0.16,0.16,5700,0.0,0.0
2023-12-11 00:00:00-05:00,0.17,0.17,0.16,0.16,3300,0.0,0.0
2023-12-08 00:00:00-05:00,0.16,0.16,0.16,0.16,500,0.0,0.0
2023-12-07 00:00:00-05:00,0.17,0.17,0.16,0.16,2900,0.0,0.0
2023-12-06 00:00:00-05:00,0.17,0.17,0.16,0.17,14600,0.0,0.0
2023-12-05 00:00:00-05:00,0.17,0.17,0.16,0.17,18500,0.0,0.0
2023-12-04 00:00:00-05:00,0.17,0.17,0.17,0.17,22800,0.0,0.0
2023-12-01 00:00:00-05:00,0.15,0.17,0.14,0.17,28300,0.0,0.0
2023-11-30 00:00:00-05:00,0.15,0.16,0.14,0.14,21300,0.0,0.0
2023-11-29 00:00:00-05:00,0.15,0.15,0.14,0.15,6200,0.0,0.0
2023-11-28 00:00:00-05:00,0.14,0.17,0.14,0.14,45000,0.0,0.0
2023-11-27 00:00:00-05:00,0.17,0.17,0.14,0.14,7300,0.0,0.0
2023-11-24 00:00:00-05:00,0.14,0.17,0.13,0.17,16700,0.0,0.0
2023-11-22 00:00:00-05:00,0.13,0.15,0.11,0.14,54600,0.0,0.0
