Date,Open,High,Low,Close,Volume,Dividends,Stock Splits
2025-11-24 00:00:00-05:00,0.06,0.06,0.06,0.05,13000,0.0,0.0
2025-11-21 00:00:00-05:00,0.04,0.04,0.04,0.04,200,0.0,0.0
2025-11-20 00:00:00-05:00,0.06,0.06,0.06,0.06,0,0.0,0.0
2025-11-19 00:00:00-05:00,0.06,0.06,0.06,0.06,0,0.0,0.0
2025-11-18 00:00:00-05:00,0.06,0.06,0.06,0.06,0,0.0,0.0
2025-11-17 00:00:00-05:00,0.06,0.06,0.06,0.06,0,0.0,0.0
2025-11-14 00:00:00-05:00,0.07,0.07,0.06,0.06,17200,0.0,0.0
2025-11-13 00:00:00-05:00,0.06,0.06,0.06,0.06,12400,0.0,0.0
2025-11-12 00:00:00-05:00,0.05,0.05,0.05,0.05,100,0.0,0.0
2025-11-11 00:00:00-05:00,0.04,0.04,0.04,0.04,5000,0.0,0.0
2025-11-10 00:00:00-05:00,0.05,0.05,0.05,0.05,0,0.0,0.0
2025-11-07 00:00:00-05:00,0.05,0.05,0.05,0.05,6300,0.0,0.0
2025-11-06 00:00:00-05:00,0.05,0.05,0.05,0.05,0,0.0,0.0
2025-11-05 00:00:00-05:00,0.05,0.05,0.05,0.05,700,0.0,0.0
2025-11-04 00:00:00-05:00,0.06,0.06,0.06,0.06,0,0.0,0.0
2025-11-03 00:00:00-05:00,0.06,0.06,0.06,0.06,300,0.0,0.0
2025-10-31 00:00:00-04:00,0.06,0.06,0.06,0.06,0,0.0,0.0
2025-10-30 00:00:00-04:00,0.06,0.06,0.06,0.06,0,0.0,0.0
2025-10-29 00:00:00-04:00,0.06,0.06,0.06,0.06,0,0.0,0.0
2025-10-28 00:00:00-04:00,0.06,0.06,0.06,0.06,300,0.0,0.0
2025-10-27 00:00:00-04:00,0.06,0.06,0.06,0.06,14300,0.0,0.0
2025-10-24 00:00:00-04:00,0.05,0.05,0.05,0.05,1900,0.0,0.0
2025-10-23 00:00:00-04:00,0.05,0.05,0.05,0.05,3800,0.0,0.0
2025-10-22 00:00:00-04:00,0.05,0.06,0.05,0.05,2500,0.0,0.0
2025-10-21 00:00:00-04:00,0.05,0.05,0.05,0.05,0,0.0,0.0
2025-10-20 00:00:00-04:00,0.05,0.05,0.05,0.05,800,0.0,0.0
2025-10-17 00:00:00-04:00,0.06,0.06,0.06,0.06,0,0.0,0.0
2025-10-16 00:00:00-04:00,0.06,0.06,0.06,0.06,200,0.0,0.0
2025-10-15 00:00:00-04:00,0.05,0.06,0.05,0.06,1000,0.0,0.0
2025-10-14 00:00:00-04:00,0.03,0.03,0.03,0.03,300,0.0,0.0
2025-10-13 00:00:00-04:00,0.03,0.03,0.03,0.03,0,0.0,0.0
2025-10-10 00:00:00-04:00,0.03,0.03,0.03,0.03,0,0.0,0.0
2025-10-09 00:00:00-04:00,0.03,0.03,0.03,0.03,1700,0.0,0.0
2025-10-08 00:00:00-04:00,0.06,0.06,0.06,0.06,0,0.0,0.0
2025-10-07 00:00:00-04:00,0.06,0.06,0.06,0.06,800,0.0,0.0
2025-10-06 00:00:00-04:00,0.08,0.08,0.08,0.08,0,0.0,0.0
2025-10-03 00:00:00-04:00,0.08,0.08,0.08,0.08,49500,0.0,0.0
2025-10-02 00:00:00-04:00,0.08,0.08,0.08,0.08,18400,0.0,0.0
2025-10-01 00:00:00-04:00,0.08,0.08,0.08,0.08,4300,0.0,0.0
2025-09-30 00:00:00-04:00,0.08,0.08,0.08,0.08,0,0.0,0.0
2025-09-29 00:00:00-04:00,0.08,0.08,0.08,0.08,900,0.0,0.0
2025-09-26 00:00:00-04:00,0.07,0.07,0.07,0.07,0,0.0,0.0
2025-09-25 00:00:00-04:00,0.07,0.07,0.07,0.07,7300,0.0,0.0
2025-09-24 00:00:00-04:00,0.08,0.08,0.08,0.08,6300,0.0,0.0
2025-09-23 00:00:00-04:00,0.08,0.08,0.08,0.08,16000,0.0,0.0
2025-09-22 00:00:00-04:00,0.09,0.09,0.07,0.08,1600,0.0,0.0
2025-09-19 00:00:00-04:00,0.06,0.06,0.06,0.06,7000,0.0,0.0
2025-09-18 00:00:00-04:00,0.05,0.05,0.05,0.05,0,0.0,0.0
2025-09-17 00:00:00-04:00,0.05,0.05,0.05,0.05,0,0.0,0.0
2025-09-16 00:00:00-04:00,0.05,0.05,0.05,0.05,6300,0.0,0.0
2025-09-15 00:00:00-04:00,0.05,0.05,0.05,0.05,0,0.0,0.0
2025-09-12 00:00:00-04:00,0.05,0.05,0.05,0.05,1000,0.0,0.0
2025-09-11 00:00:00-04:00,0.04,0.04,0.04,0.04,100,0.0,0.0
2025-09-10 00:00:00-04:00,0.04,0.04,0.04,0.04,300,0.0,0.0
2025-09-09 00:00:00-04:00,0.04,0.04,0.04,0.04,8000,0.0,0.0
2025-09-08 00:00:00-04:00,0.05,0.05,0.05,0.05,0,0.0,0.0
2025-09-05 00:00:00-04:00,0.05,0.05,0.05,0.05,900,0.0,0.0
2025-09-04 00:00:00-04:00,0.04,0.04,0.04,0.04,1000,0.0,0.0
2025-09-03 00:00:00-04:00,0.04,0.04,0.04,0.04,0,0.0,0.0
2025-09-02 00:00:00-04:00,0.04,0.04,0.04,0.04,1300,0.0,0.0
2025-08-29 00:00:00-04:00,0.04,0.04,0.04,0.04,200,0.0,0.0
2025-08-28 00:00:00-04:00,0.05,0.05,0.05,0.05,0,0.0,0.0
2025-08-27 00:00:00-04:00,0.05,0.05,0.05,0.05,35600,0.0,0.0
2025-08-26 00:00:00-04:00,0.05,0.05,0.05,0.05,2000,0.0,0.0
2025-08-25 00:00:00-04:00,0.05,0.05,0.05,0.05,0,0.0,0.0
2025-08-22 00:00:00-04:00,0.05,0.05,0.04,0.05,40000,0.0,0.0
2025-08-21 00:00:00-04:00,0.05,0.05,0.04,0.04,57500,0.0,0.0
2025-08-20 00:00:00-04:00,0.05,0.05,0.05,0.05,34600,0.0,0.0
2025-08-19 00:00:00-04:00,0.05,0.05,0.05,0.05,33500,0.0,0.0
2025-08-18 00:00:00-04:00,0.05,0.08,0.05,0.08,35000,0.0,0.0
2025-08-15 00:00:00-04:00,0.06,0.08,0.05,0.05,161000,0.0,0.0
2025-08-14 00:00:00-04:00,0.05,0.07,0.05,0.06,215300,0.0,0.0
2025-08-13 00:00:00-04:00,0.05,0.05,0.05,0.05,0,0.0,0.0
2025-08-12 00:00:00-04:00,0.05,0.05,0.05,0.05,0,0.0,0.0
2025-08-11 00:00:00-04:00,0.05,0.05,0.05,0.05,0,0.0,0.0
2025-08-08 00:00:00-04:00,0.05,0.05,0.05,0.05,1700,0.0,0.0
2025-08-07 00:00:00-04:00,0.05,0.05,0.05,0.05,200,0.0,0.0
2025-08-06 00:00:00-04:00,0.05,0.05,0.05,0.05,0,0.0,0.0
2025-08-05 00:00:00-04:00,0.05,0.05,0.05,0.05,0,0.0,0.0
2025-08-04 00:00:00-04:00,0.05,0.05,0.05,0.05,0,0.0,0.0
2025-08-01 00:00:00-04:00,0.05,0.05,0.05,0.05,0,0.0,0.0
2025-07-31 00:00:00-04:00,0.05,0.05,0.05,0.05,1500,0.0,0.0
2025-07-30 00:00:00-04:00,0.05,0.05,0.05,0.05,6300,0.0,0.0
2025-07-29 00:00:00-04:00,0.05,0.05,0.05,0.05,0,0.0,0.0
2025-07-28 00:00:00-04:00,0.06,0.06,0.05,0.05,2500,0.0,0.0
2025-07-25 00:00:00-04:00,0.06,0.06,0.06,0.06,9400,0.0,0.0
2025-07-24 00:00:00-04:00,0.05,0.05,0.05,0.05,100,0.0,0.0
2025-07-23 00:00:00-04:00,0.06,0.06,0.06,0.06,1300,0.0,0.0
2025-07-22 00:00:00-04:00,0.05,0.05,0.05,0.05,1300,0.0,0.0
2025-07-21 00:00:00-04:00,0.05,0.05,0.05,0.05,2000,0.0,0.0
2025-07-18 00:00:00-04:00,0.05,0.05,0.05,0.05,0,0.0,0.0
2025-07-17 00:00:00-04:00,0.05,0.05,0.05,0.05,0,0.0,0.0
2025-07-16 00:00:00-04:00,0.05,0.05,0.05,0.05,100,0.0,0.0
2025-07-15 00:00:00-04:00,0.05,0.05,0.05,0.05,19400,0.0,0.0
2025-07-14 00:00:00-04:00,0.05,0.05,0.05,0.05,59400,0.0,0.0
2025-07-11 00:00:00-04:00,0.05,0.05,0.05,0.05,5800,0.0,0.0
2025-07-10 00:00:00-04:00,0.05,0.05,0.05,0.05,400,0.0,0.0
2025-07-09 00:00:00-04:00,0.05,0.05,0.05,0.05,1300,0.0,0.0
2025-07-08 00:00:00-04:00,0.04,0.04,0.04,0.04,200,0.0,0.12
2025-07-07 00:00:00-04:00,0.07,0.07,0.07,0.07,613,0.0,0.0
2025-07-03 00:00:00-04:00,0.07,0.07,0.07,0.07,0,0.0,0.0
2025-07-02 00:00:00-04:00,0.07,0.07,0.07,0.07,475,0.0,0.0
2025-07-01 00:00:00-04:00,0.07,0.07,0.07,0.07,0,0.0,0.0
2025-06-30 00:00:00-04:00,0.07,0.07,0.07,0.07,0,0.0,0.0
2025-06-27 00:00:00-04:00,0.07,0.07,0.07,0.07,0,0.0,0.0
2025-06-26 00:00:00-04:00,0.07,0.07,0.07,0.07,4063,0.0,0.0
2025-06-25 00:00:00-04:00,0.07,0.07,0.07,0.07,0,0.0,0.0
2025-06-24 00:00:00-04:00,0.07,0.07,0.07,0.07,2500,0.0,0.0
2025-06-23 00:00:00-04:00,0.07,0.08,0.07,0.08,875,0.0,0.0
2025-06-20 00:00:00-04:00,0.09,0.09,0.09,0.09,0,0.0,0.0
2025-06-18 00:00:00-04:00,0.08,0.09,0.07,0.09,5413,0.0,0.0
2025-06-17 00:00:00-04:00,0.07,0.07,0.07,0.07,0,0.0,0.0
2025-06-16 00:00:00-04:00,0.07,0.09,0.06,0.07,6500,0.0,0.0
2025-06-13 00:00:00-04:00,0.07,0.07,0.07,0.07,275,0.0,0.0
2025-06-12 00:00:00-04:00,0.06,0.06,0.06,0.06,0,0.0,0.0
2025-06-11 00:00:00-04:00,0.08,0.08,0.06,0.06,4375,0.0,0.0
2025-06-10 00:00:00-04:00,0.1,0.1,0.1,0.1,2775,0.0,0.0
2025-06-09 00:00:00-04:00,0.09,0.1,0.09,0.1,288,0.0,0.0
2025-06-06 00:00:00-04:00,0.09,0.09,0.09,0.09,24850,0.0,0.0
2025-06-05 00:00:00-04:00,0.08,0.08,0.08,0.08,125,0.0,0.0
2025-06-04 00:00:00-04:00,0.09,0.1,0.08,0.09,189375,0.0,0.0
2025-06-03 00:00:00-04:00,0.1,0.1,0.1,0.1,0,0.0,0.0
2025-06-02 00:00:00-04:00,0.1,0.1,0.1,0.1,1450,0.0,0.0
2025-05-30 00:00:00-04:00,0.1,0.1,0.1,0.1,0,0.0,0.0
2025-05-29 00:00:00-04:00,0.12,0.14,0.1,0.1,2613,0.0,0.0
2025-05-28 00:00:00-04:00,0.1,0.1,0.1,0.1,375,0.0,0.0
2025-05-27 00:00:00-04:00,0.11,0.11,0.11,0.11,375,0.0,0.0
2025-05-23 00:00:00-04:00,0.1,0.1,0.1,0.1,750,0.0,0.0
2025-05-22 00:00:00-04:00,0.1,0.1,0.1,0.1,2500,0.0,0.0
2025-05-21 00:00:00-04:00,0.1,0.1,0.1,0.1,0,0.0,0.0
2025-05-20 00:00:00-04:00,0.11,0.11,0.1,0.1,238,0.0,0.0
2025-05-19 00:00:00-04:00,0.14,0.14,0.14,0.14,238,0.0,0.0
2025-05-16 00:00:00-04:00,0.1,0.11,0.1,0.11,17300,0.0,0.0
2025-05-15 00:00:00-04:00,0.11,0.11,0.11,0.11,1075,0.0,0.0
2025-05-14 00:00:00-04:00,0.09,0.09,0.09,0.09,3175,0.0,0.0
2025-05-13 00:00:00-04:00,0.08,0.09,0.08,0.08,5963,0.0,0.0
2025-05-12 00:00:00-04:00,0.1,0.1,0.08,0.1,25625,0.0,0.0
2025-05-09 00:00:00-04:00,0.12,0.13,0.1,0.13,2513,0.0,0.0
2025-05-08 00:00:00-04:00,0.16,0.18,0.13,0.13,15713,0.0,0.0
2025-05-07 00:00:00-04:00,0.13,0.13,0.13,0.13,14125,0.0,0.0
2025-05-06 00:00:00-04:00,0.13,0.13,0.09,0.09,2500,0.0,0.0
2025-05-05 00:00:00-04:00,0.13,0.13,0.12,0.12,263,0.0,0.0
2025-05-02 00:00:00-04:00,0.19,0.19,0.14,0.14,913,0.0,0.0
2025-05-01 00:00:00-04:00,0.13,0.13,0.13,0.13,0,0.0,0.0
2025-04-30 00:00:00-04:00,0.1,0.13,0.1,0.13,6100,0.0,0.0
2025-04-29 00:00:00-04:00,0.14,0.14,0.12,0.14,2663,0.0,0.0
2025-04-28 00:00:00-04:00,0.13,0.13,0.12,0.12,1025,0.0,0.0
2025-04-25 00:00:00-04:00,0.14,0.15,0.11,0.12,207275,0.0,0.0
2025-04-24 00:00:00-04:00,0.13,0.15,0.1,0.13,102175,0.0,0.0
2025-04-23 00:00:00-04:00,0.1,0.1,0.1,0.1,0,0.0,0.0
2025-04-22 00:00:00-04:00,0.1,0.1,0.09,0.1,51925,0.0,0.0
2025-04-21 00:00:00-04:00,0.11,0.11,0.11,0.11,73500,0.0,0.0
2025-04-17 00:00:00-04:00,0.18,0.18,0.13,0.13,50,0.0,0.0
2025-04-16 00:00:00-04:00,0.1,0.1,0.1,0.1,0,0.0,0.0
2025-04-15 00:00:00-04:00,0.11,0.11,0.1,0.1,1250,0.0,0.0
2025-04-14 00:00:00-04:00,0.14,0.14,0.14,0.14,25,0.0,0.0
2025-04-11 00:00:00-04:00,0.15,0.15,0.11,0.11,25,0.0,0.0
2025-04-10 00:00:00-04:00,0.14,0.14,0.13,0.13,600,0.0,0.0
2025-04-09 00:00:00-04:00,0.13,0.13,0.13,0.13,0,0.0,0.0
2025-04-08 00:00:00-04:00,0.08,0.13,0.08,0.13,12938,0.0,0.0
2025-04-07 00:00:00-04:00,0.08,0.13,0.08,0.13,37525,0.0,0.0
2025-04-04 00:00:00-04:00,0.13,0.13,0.11,0.12,6838,0.0,0.0
2025-04-03 00:00:00-04:00,0.12,0.12,0.12,0.12,15500,0.0,0.0
2025-04-02 00:00:00-04:00,0.14,0.14,0.14,0.14,3813,0.0,0.0
2025-04-01 00:00:00-04:00,0.18,0.2,0.18,0.2,150,0.0,0.0
2025-03-31 00:00:00-04:00,0.15,0.15,0.15,0.15,0,0.0,0.0
2025-03-28 00:00:00-04:00,0.15,0.15,0.15,0.15,700,0.0,0.0
2025-03-27 00:00:00-04:00,0.17,0.17,0.17,0.17,0,0.0,0.0
2025-03-26 00:00:00-04:00,0.17,0.17,0.17,0.17,0,0.0,0.0
2025-03-25 00:00:00-04:00,0.17,0.17,0.17,0.17,0,0.0,0.0
2025-03-24 00:00:00-04:00,0.18,0.18,0.17,0.17,3750,0.0,0.0
2025-03-21 00:00:00-04:00,0.17,0.17,0.17,0.17,1250,0.0,0.0
2025-03-20 00:00:00-04:00,0.17,0.17,0.17,0.17,0,0.0,0.0
2025-03-19 00:00:00-04:00,0.17,0.17,0.17,0.17,0,0.0,0.0
2025-03-18 00:00:00-04:00,0.17,0.17,0.17,0.17,4875,0.0,0.0
2025-03-17 00:00:00-04:00,0.19,0.2,0.18,0.18,1138,0.0,0.0
2025-03-14 00:00:00-04:00,0.17,0.17,0.17,0.17,0,0.0,0.0
2025-03-13 00:00:00-04:00,0.17,0.17,0.17,0.17,0,0.0,0.0
2025-03-12 00:00:00-04:00,0.18,0.18,0.17,0.17,8538,0.0,0.0
2025-03-11 00:00:00-04:00,0.18,0.18,0.18,0.18,1275,0.0,0.0
2025-03-10 00:00:00-04:00,0.18,0.18,0.18,0.18,0,0.0,0.0
2025-03-07 00:00:00-05:00,0.18,0.18,0.18,0.18,0,0.0,0.0
2025-03-06 00:00:00-05:00,0.18,0.18,0.18,0.18,0,0.0,0.0
2025-03-05 00:00:00-05:00,0.2,0.2,0.17,0.18,16188,0.0,0.0
2025-03-04 00:00:00-05:00,0.21,0.21,0.21,0.21,8750,0.0,0.0
2025-03-03 00:00:00-05:00,0.14,0.14,0.14,0.14,0,0.0,0.0
2025-02-28 00:00:00-05:00,0.14,0.14,0.14,0.14,575,0.0,0.0
2025-02-27 00:00:00-05:00,0.21,0.21,0.21,0.21,0,0.0,0.0
2025-02-26 00:00:00-05:00,0.21,0.21,0.21,0.21,1375,0.0,0.0
2025-02-25 00:00:00-05:00,0.18,0.18,0.18,0.18,575,0.0,0.0
2025-02-24 00:00:00-05:00,0.21,0.21,0.21,0.21,63,0.0,0.0
2025-02-21 00:00:00-05:00,0.19,0.19,0.19,0.19,0,0.0,0.0
2025-02-20 00:00:00-05:00,0.26,0.26,0.19,0.19,7350,0.0,0.0
2025-02-19 00:00:00-05:00,0.2,0.22,0.2,0.22,12563,0.0,0.0
2025-02-18 00:00:00-05:00,0.2,0.21,0.2,0.2,1275,0.0,0.0
2025-02-14 00:00:00-05:00,0.22,0.22,0.22,0.22,0,0.0,0.0
2025-02-13 00:00:00-05:00,0.22,0.22,0.22,0.22,438,0.0,0.0
2025-02-12 00:00:00-05:00,0.22,0.22,0.22,0.22,5013,0.0,0.0
2025-02-11 00:00:00-05:00,0.18,0.22,0.18,0.22,62725,0.0,0.0
2025-02-10 00:00:00-05:00,0.23,0.23,0.18,0.18,1875,0.0,0.0
2025-02-07 00:00:00-05:00,0.21,0.21,0.19,0.19,11875,0.0,0.0
2025-02-06 00:00:00-05:00,0.21,0.24,0.21,0.24,3775,0.0,0.0
2025-02-05 00:00:00-05:00,0.22,0.22,0.19,0.19,128175,0.0,0.0
2025-02-04 00:00:00-05:00,0.24,0.24,0.24,0.24,4188,0.0,0.0
2025-02-03 00:00:00-05:00,0.19,0.2,0.19,0.19,5913,0.0,0.0
2025-01-31 00:00:00-05:00,0.23,0.23,0.21,0.21,450,0.0,0.0
2025-01-30 00:00:00-05:00,0.24,0.24,0.22,0.22,2575,0.0,0.0
2025-01-29 00:00:00-05:00,0.22,0.26,0.22,0.24,1313,0.0,0.0
2025-01-28 00:00:00-05:00,0.24,0.26,0.22,0.22,9638,0.0,0.0
2025-01-27 00:00:00-05:00,0.28,0.28,0.22,0.22,12913,0.0,0.0
2025-01-24 00:00:00-05:00,0.22,0.26,0.22,0.24,62788,0.0,0.0
2025-01-23 00:00:00-05:00,0.26,0.26,0.26,0.26,10313,0.0,0.0
2025-01-22 00:00:00-05:00,0.34,0.34,0.25,0.28,75213,0.0,0.0
2025-01-21 00:00:00-05:00,0.25,0.29,0.25,0.26,266825,0.0,0.0
2025-01-17 00:00:00-05:00,0.22,0.22,0.22,0.22,2125,0.0,0.0
2025-01-16 00:00:00-05:00,0.18,0.18,0.18,0.18,900,0.0,0.0
2025-01-15 00:00:00-05:00,0.24,0.24,0.22,0.22,33250,0.0,0.0
2025-01-14 00:00:00-05:00,0.25,0.25,0.22,0.24,17325,0.0,0.0
2025-01-13 00:00:00-05:00,0.25,0.34,0.22,0.24,347163,0.0,0.0
2025-01-10 00:00:00-05:00,0.23,0.23,0.2,0.23,73175,0.0,0.0
2025-01-08 00:00:00-05:00,0.2,0.2,0.2,0.2,13,0.0,0.0
2025-01-07 00:00:00-05:00,0.19,0.19,0.19,0.19,0,0.0,0.0
2025-01-06 00:00:00-05:00,0.23,0.24,0.19,0.19,8938,0.0,0.0
2025-01-03 00:00:00-05:00,0.19,0.22,0.19,0.22,322375,0.0,0.0
2025-01-02 00:00:00-05:00,0.18,0.21,0.18,0.21,538,0.0,0.0
2024-12-31 00:00:00-05:00,0.2,0.2,0.2,0.2,13,0.0,0.0
2024-12-30 00:00:00-05:00,0.19,0.19,0.16,0.18,6813,0.0,0.0
2024-12-27 00:00:00-05:00,0.2,0.2,0.2,0.2,888,0.0,0.0
2024-12-26 00:00:00-05:00,0.22,0.22,0.2,0.2,900,0.0,0.0
2024-12-24 00:00:00-05:00,0.16,0.17,0.16,0.17,1738,0.0,0.0
2024-12-23 00:00:00-05:00,0.16,0.17,0.16,0.17,4763,0.0,0.0
2024-12-20 00:00:00-05:00,0.16,0.16,0.16,0.16,0,0.0,0.0
2024-12-19 00:00:00-05:00,0.19,0.22,0.16,0.16,38413,0.0,0.0
2024-12-18 00:00:00-05:00,0.17,0.22,0.17,0.17,131513,0.0,0.0
2024-12-17 00:00:00-05:00,0.14,0.14,0.14,0.14,0,0.0,0.0
2024-12-16 00:00:00-05:00,0.14,0.14,0.13,0.14,12838,0.0,0.0
2024-12-13 00:00:00-05:00,0.18,0.18,0.18,0.18,0,0.0,0.0
2024-12-12 00:00:00-05:00,0.18,0.18,0.18,0.18,0,0.0,0.0
2024-12-11 00:00:00-05:00,0.18,0.18,0.18,0.18,0,0.0,0.0
2024-12-10 00:00:00-05:00,0.18,0.18,0.18,0.18,0,0.0,0.0
2024-12-09 00:00:00-05:00,0.11,0.18,0.11,0.18,15450,0.0,0.0
2024-12-06 00:00:00-05:00,0.15,0.17,0.14,0.17,13063,0.0,0.0
2024-12-05 00:00:00-05:00,0.2,0.2,0.15,0.16,9325,0.0,0.0
2024-12-04 00:00:00-05:00,0.13,0.13,0.11,0.11,4063,0.0,0.0
2024-12-03 00:00:00-05:00,0.11,0.13,0.11,0.13,2000,0.0,0.0
2024-12-02 00:00:00-05:00,0.14,0.14,0.11,0.13,52725,0.0,0.0
2024-11-29 00:00:00-05:00,0.15,0.17,0.15,0.15,775,0.0,0.0
2024-11-27 00:00:00-05:00,0.14,0.16,0.14,0.14,13875,0.0,0.0
2024-11-26 00:00:00-05:00,0.14,0.14,0.14,0.14,5000,0.0,0.0
2024-11-25 00:00:00-05:00,0.15,0.15,0.15,0.15,3775,0.0,0.0
2024-11-22 00:00:00-05:00,0.17,0.17,0.15,0.15,1413,0.0,0.0
2024-11-21 00:00:00-05:00,0.15,0.15,0.15,0.15,1250,0.0,0.0
2024-11-20 00:00:00-05:00,0.17,0.17,0.14,0.15,4438,0.0,0.0
2024-11-19 00:00:00-05:00,0.17,0.17,0.17,0.17,6000,0.0,0.0
2024-11-18 00:00:00-05:00,0.15,0.17,0.15,0.17,43375,0.0,0.0
2024-11-15 00:00:00-05:00,0.15,0.15,0.15,0.15,0,0.0,0.0
2024-11-14 00:00:00-05:00,0.16,0.16,0.15,0.15,1050,0.0,0.0
2024-11-13 00:00:00-05:00,0.16,0.16,0.14,0.14,5500,0.0,0.0
2024-11-12 00:00:00-05:00,0.16,0.2,0.16,0.2,2788,0.0,0.0
2024-11-11 00:00:00-05:00,0.18,0.18,0.17,0.17,6213,0.0,0.0
2024-11-08 00:00:00-05:00,0.18,0.19,0.18,0.18,538,0.0,0.0
2024-11-07 00:00:00-05:00,0.19,0.19,0.19,0.19,450,0.0,0.0
2024-11-06 00:00:00-05:00,0.22,0.22,0.22,0.22,0,0.0,0.0
2024-11-05 00:00:00-05:00,0.2,0.22,0.2,0.22,313,0.0,0.0
2024-11-04 00:00:00-05:00,0.22,0.22,0.22,0.22,375,0.0,0.0
2024-11-01 00:00:00-04:00,0.18,0.24,0.18,0.23,3875,0.0,0.0
2024-10-31 00:00:00-04:00,0.2,0.22,0.2,0.2,209313,0.0,0.0
2024-10-30 00:00:00-04:00,0.22,0.24,0.2,0.23,41625,0.0,0.0
2024-10-29 00:00:00-04:00,0.26,0.26,0.22,0.23,4125,0.0,0.0
2024-10-28 00:00:00-04:00,0.26,0.26,0.23,0.24,3950,0.0,0.0
2024-10-25 00:00:00-04:00,0.24,0.26,0.22,0.26,123650,0.0,0.0
2024-10-24 00:00:00-04:00,0.29,0.3,0.24,0.26,8625,0.0,0.0
2024-10-23 00:00:00-04:00,0.26,0.3,0.26,0.26,33375,0.0,0.0
2024-10-22 00:00:00-04:00,0.26,0.26,0.26,0.26,1313,0.0,0.0
2024-10-21 00:00:00-04:00,0.32,0.32,0.26,0.26,2225,0.0,0.0
2024-10-18 00:00:00-04:00,0.3,0.33,0.28,0.28,7988,0.0,0.0
2024-10-17 00:00:00-04:00,0.29,0.3,0.26,0.3,23750,0.0,0.0
2024-10-16 00:00:00-04:00,0.3,0.3,0.27,0.29,16325,0.0,0.0
2024-10-15 00:00:00-04:00,0.3,0.3,0.27,0.3,2600,0.0,0.0
2024-10-14 00:00:00-04:00,0.32,0.32,0.25,0.26,25888,0.0,0.0
2024-10-11 00:00:00-04:00,0.26,0.3,0.24,0.26,2338,0.0,0.0
2024-10-10 00:00:00-04:00,0.29,0.33,0.23,0.27,142413,0.0,0.0
2024-10-09 00:00:00-04:00,0.29,0.31,0.29,0.31,4275,0.0,0.0
2024-10-08 00:00:00-04:00,0.33,0.35,0.3,0.3,15238,0.0,0.0
2024-10-07 00:00:00-04:00,0.3,0.33,0.3,0.33,2825,0.0,0.0
2024-10-04 00:00:00-04:00,0.33,0.33,0.33,0.33,2500,0.0,0.0
2024-10-03 00:00:00-04:00,0.34,0.34,0.3,0.34,2950,0.0,0.0
2024-10-02 00:00:00-04:00,0.34,0.34,0.34,0.34,125,0.0,0.0
2024-10-01 00:00:00-04:00,0.34,0.35,0.31,0.34,1000,0.0,0.0
2024-09-30 00:00:00-04:00,0.32,0.34,0.3,0.34,12163,0.0,0.0
2024-09-27 00:00:00-04:00,0.34,0.36,0.32,0.34,750,0.0,0.0
2024-09-26 00:00:00-04:00,0.36,0.36,0.32,0.36,14238,0.0,0.0
2024-09-25 00:00:00-04:00,0.34,0.4,0.34,0.4,1800,0.0,0.0
2024-09-24 00:00:00-04:00,0.39,0.43,0.36,0.39,25375,0.0,0.0
2024-09-23 00:00:00-04:00,0.51,0.51,0.39,0.42,23288,0.0,0.0
2024-09-20 00:00:00-04:00,0.49,0.5,0.41,0.44,24475,0.0,0.0
2024-09-19 00:00:00-04:00,0.39,0.46,0.39,0.43,18563,0.0,0.0
2024-09-18 00:00:00-04:00,0.39,0.41,0.38,0.4,2563,0.0,0.0
2024-09-17 00:00:00-04:00,0.4,0.4,0.35,0.39,14088,0.0,0.0
2024-09-16 00:00:00-04:00,0.29,0.42,0.29,0.4,141013,0.0,0.0
2024-09-13 00:00:00-04:00,0.36,0.4,0.31,0.35,31238,0.0,0.0
2024-09-12 00:00:00-04:00,0.38,0.4,0.37,0.38,2125,0.0,0.0
2024-09-11 00:00:00-04:00,0.39,0.4,0.39,0.39,16263,0.0,0.0
2024-09-10 00:00:00-04:00,0.38,0.38,0.31,0.38,8325,0.0,0.0
2024-09-09 00:00:00-04:00,0.39,0.4,0.34,0.37,14100,0.0,0.0
2024-09-06 00:00:00-04:00,0.35,0.38,0.34,0.35,11175,0.0,0.0
2024-09-05 00:00:00-04:00,0.38,0.38,0.36,0.36,425,0.0,0.0
2024-09-04 00:00:00-04:00,0.38,0.4,0.38,0.38,2125,0.0,0.0
2024-09-03 00:00:00-04:00,0.44,0.44,0.38,0.41,13000,0.0,0.0
2024-08-30 00:00:00-04:00,0.41,0.44,0.41,0.44,700,0.0,0.0
2024-08-29 00:00:00-04:00,0.4,0.43,0.39,0.4,4388,0.0,0.0
2024-08-28 00:00:00-04:00,0.52,0.52,0.42,0.45,2675,0.0,0.0
2024-08-27 00:00:00-04:00,0.48,0.52,0.42,0.48,18450,0.0,0.0
2024-08-26 00:00:00-04:00,0.39,0.51,0.35,0.48,255700,0.0,0.0
2024-08-23 00:00:00-04:00,0.43,0.43,0.38,0.39,64825,0.0,0.0
2024-08-22 00:00:00-04:00,0.43,0.46,0.41,0.44,8550,0.0,0.0
2024-08-21 00:00:00-04:00,0.45,0.47,0.41,0.42,3500,0.0,0.0
2024-08-20 00:00:00-04:00,0.54,0.54,0.34,0.46,80250,0.0,0.0
2024-08-19 00:00:00-04:00,0.58,0.6,0.44,0.48,263850,0.0,0.0
2024-08-16 00:00:00-04:00,0.5,0.55,0.46,0.49,126763,0.0,0.0
2024-08-15 00:00:00-04:00,0.41,0.48,0.36,0.48,18825,0.0,0.0
2024-08-14 00:00:00-04:00,0.44,0.44,0.4,0.41,1800,0.0,0.0
2024-08-13 00:00:00-04:00,0.43,0.44,0.38,0.42,14475,0.0,0.0
2024-08-12 00:00:00-04:00,0.36,0.42,0.35,0.41,12963,0.0,0.0
2024-08-09 00:00:00-04:00,0.33,0.35,0.32,0.34,104650,0.0,0.0
2024-08-08 00:00:00-04:00,0.35,0.35,0.26,0.32,8725,0.0,0.0
2024-08-07 00:00:00-04:00,0.33,0.34,0.28,0.32,27763,0.0,0.0
2024-08-06 00:00:00-04:00,0.32,0.38,0.28,0.31,11600,0.0,0.0
2024-08-05 00:00:00-04:00,0.27,0.52,0.27,0.42,63525,0.0,0.0
2024-08-02 00:00:00-04:00,0.23,0.26,0.18,0.26,14088,0.0,0.0
2024-08-01 00:00:00-04:00,0.14,0.23,0.14,0.22,528888,0.0,0.0
2024-07-31 00:00:00-04:00,0.12,0.12,0.12,0.12,1750,0.0,0.0
2024-07-30 00:00:00-04:00,0.09,0.09,0.09,0.09,0,0.0,0.0
2024-07-29 00:00:00-04:00,0.09,0.09,0.09,0.09,0,0.0,0.0
2024-07-26 00:00:00-04:00,0.09,0.09,0.09,0.09,0,0.0,0.0
2024-07-25 00:00:00-04:00,0.09,0.09,0.09,0.09,0,0.0,0.0
2024-07-24 00:00:00-04:00,0.09,0.09,0.09,0.09,0,0.0,0.0
2024-07-23 00:00:00-04:00,0.09,0.1,0.09,0.09,56250,0.0,0.0
2024-07-22 00:00:00-04:00,0.09,0.1,0.09,0.09,18750,0.0,0.0
2024-07-19 00:00:00-04:00,0.09,0.09,0.09,0.09,0,0.0,0.0
2024-07-18 00:00:00-04:00,0.09,0.1,0.09,0.09,62500,0.0,0.0
2024-07-17 00:00:00-04:00,0.09,0.09,0.09,0.09,0,0.0,0.0
2024-07-16 00:00:00-04:00,0.09,0.09,0.09,0.09,10138,0.0,0.0
2024-07-15 00:00:00-04:00,0.1,0.1,0.1,0.1,11000,0.0,0.0
2024-07-12 00:00:00-04:00,0.09,0.09,0.09,0.09,4475,0.0,0.0
2024-07-11 00:00:00-04:00,0.11,0.11,0.11,0.11,0,0.0,0.0
2024-07-10 00:00:00-04:00,0.11,0.11,0.11,0.11,0,0.0,0.0
2024-07-09 00:00:00-04:00,0.11,0.11,0.11,0.11,0,0.0,0.0
2024-07-08 00:00:00-04:00,0.11,0.11,0.11,0.11,0,0.0,0.0
2024-07-05 00:00:00-04:00,0.12,0.14,0.11,0.11,55000,0.0,0.0
2024-07-03 00:00:00-04:00,0.13,0.13,0.13,0.13,0,0.0,0.0
2024-07-02 00:00:00-04:00,0.13,0.13,0.13,0.13,0,0.0,0.0
2024-07-01 00:00:00-04:00,0.13,0.13,0.13,0.13,4750,0.0,0.0
2024-06-28 00:00:00-04:00,0.14,0.14,0.14,0.14,0,0.0,0.0
2024-06-27 00:00:00-04:00,0.14,0.14,0.14,0.14,0,0.0,0.0
2024-06-26 00:00:00-04:00,0.14,0.14,0.14,0.14,0,0.0,0.0
2024-06-25 00:00:00-04:00,0.14,0.14,0.14,0.14,0,0.0,0.0
2024-06-24 00:00:00-04:00,0.14,0.14,0.14,0.14,13,0.0,0.0
2024-06-21 00:00:00-04:00,0.12,0.12,0.12,0.12,6250,0.0,0.0
2024-06-20 00:00:00-04:00,0.16,0.16,0.16,0.16,0,0.0,0.0
2024-06-18 00:00:00-04:00,0.16,0.16,0.16,0.16,0,0.0,0.0
2024-06-17 00:00:00-04:00,0.16,0.16,0.16,0.16,0,0.0,0.0
2024-06-14 00:00:00-04:00,0.16,0.16,0.16,0.16,500,0.0,0.0
2024-06-13 00:00:00-04:00,0.16,0.19,0.16,0.16,43750,0.0,0.0
2024-06-12 00:00:00-04:00,0.18,0.18,0.18,0.18,0,0.0,0.0
2024-06-11 00:00:00-04:00,0.19,0.21,0.18,0.18,17825,0.0,0.0
2024-06-10 00:00:00-04:00,0.16,0.2,0.15,0.16,122750,0.0,0.0
2024-06-07 00:00:00-04:00,0.14,0.14,0.14,0.14,688,0.0,0.0
2024-06-06 00:00:00-04:00,0.14,0.14,0.14,0.14,5250,0.0,0.0
2024-06-05 00:00:00-04:00,0.09,0.09,0.09,0.09,25,0.0,0.0
2024-06-04 00:00:00-04:00,0.09,0.1,0.08,0.1,285088,0.0,0.0
2024-06-03 00:00:00-04:00,0.08,0.08,0.08,0.08,125,0.0,0.0
2024-05-31 00:00:00-04:00,0.08,0.08,0.08,0.08,0,0.0,0.0
2024-05-30 00:00:00-04:00,0.08,0.08,0.08,0.08,0,0.0,0.0
2024-05-29 00:00:00-04:00,0.08,0.08,0.08,0.08,103125,0.0,0.0
2024-05-28 00:00:00-04:00,0.08,0.08,0.08,0.08,0,0.0,0.0
2024-05-24 00:00:00-04:00,0.08,0.08,0.08,0.08,63,0.0,0.0
2024-05-23 00:00:00-04:00,0.08,0.08,0.08,0.08,0,0.0,0.0
2024-05-22 00:00:00-04:00,0.08,0.08,0.08,0.08,313,0.0,0.0
2024-05-21 00:00:00-04:00,0.06,0.06,0.06,0.06,0,0.0,0.0
2024-05-20 00:00:00-04:00,0.06,0.06,0.06,0.06,0,0.0,0.0
2024-05-17 00:00:00-04:00,0.06,0.06,0.06,0.06,6250,0.0,0.0
2024-05-16 00:00:00-04:00,0.06,0.06,0.06,0.06,0,0.0,0.0
2024-05-15 00:00:00-04:00,0.06,0.06,0.06,0.06,0,0.0,0.0
2024-05-14 00:00:00-04:00,0.06,0.06,0.06,0.06,0,0.0,0.0
2024-05-13 00:00:00-04:00,0.06,0.06,0.06,0.06,12713,0.0,0.0
2024-05-10 00:00:00-04:00,0.03,0.03,0.03,0.03,0,0.0,0.0
2024-05-09 00:00:00-04:00,0.03,0.03,0.03,0.03,0,0.0,0.0
2024-05-08 00:00:00-04:00,0.03,0.03,0.03,0.03,0,0.0,0.0
2024-05-07 00:00:00-04:00,0.03,0.03,0.03,0.03,0,0.0,0.0
2024-05-06 00:00:00-04:00,0.03,0.03,0.03,0.03,0,0.0,0.0
2024-05-03 00:00:00-04:00,0.03,0.03,0.03,0.03,0,0.0,0.0
2024-05-02 00:00:00-04:00,0.03,0.03,0.03,0.03,0,0.0,0.0
2024-05-01 00:00:00-04:00,0.03,0.03,0.03,0.03,0,0.0,0.0
2024-04-30 00:00:00-04:00,0.03,0.03,0.03,0.03,0,0.0,0.0
2024-04-29 00:00:00-04:00,0.03,0.03,0.03,0.03,0,0.0,0.0
2024-04-26 00:00:00-04:00,0.03,0.03,0.03,0.03,0,0.0,0.0
2024-04-25 00:00:00-04:00,0.03,0.03,0.03,0.03,0,0.0,0.0
2024-04-24 00:00:00-04:00,0.03,0.03,0.03,0.03,25,0.0,0.0
2024-04-23 00:00:00-04:00,0.06,0.06,0.06,0.06,0,0.0,0.0
2024-04-22 00:00:00-04:00,0.06,0.06,0.06,0.06,0,0.0,0.0
2024-04-19 00:00:00-04:00,0.06,0.06,0.06,0.06,0,0.0,0.0
2024-04-18 00:00:00-04:00,0.06,0.06,0.06,0.06,0,0.0,0.0
2024-04-17 00:00:00-04:00,0.06,0.06,0.06,0.06,12500,0.0,0.0
2024-04-16 00:00:00-04:00,0.08,0.08,0.06,0.06,15625,0.0,0.0
2024-04-15 00:00:00-04:00,0.08,0.08,0.08,0.08,0,0.0,0.0
2024-04-12 00:00:00-04:00,0.08,0.08,0.08,0.08,0,0.0,0.0
2024-04-11 00:00:00-04:00,0.08,0.08,0.08,0.08,500,0.0,0.0
2024-04-10 00:00:00-04:00,0.09,0.09,0.09,0.09,13,0.0,0.0
2024-04-09 00:00:00-04:00,0.09,0.09,0.09,0.09,0,0.0,0.0
2024-04-08 00:00:00-04:00,0.09,0.09,0.09,0.09,875,0.0,0.0
2024-04-05 00:00:00-04:00,0.09,0.09,0.09,0.09,0,0.0,0.0
2024-04-04 00:00:00-04:00,0.09,0.09,0.09,0.09,0,0.0,0.0
2024-04-03 00:00:00-04:00,0.09,0.09,0.09,0.09,0,0.0,0.0
2024-04-02 00:00:00-04:00,0.09,0.09,0.09,0.09,0,0.0,0.0
2024-04-01 00:00:00-04:00,0.09,0.09,0.09,0.09,0,0.0,0.0
2024-03-28 00:00:00-04:00,0.09,0.09,0.09,0.09,26138,0.0,0.0
2024-03-27 00:00:00-04:00,0.09,0.09,0.09,0.09,600,0.0,0.0
2024-03-26 00:00:00-04:00,0.09,0.09,0.09,0.09,7125,0.0,0.0
2024-03-25 00:00:00-04:00,0.08,0.08,0.08,0.08,12500,0.0,0.0
2024-03-22 00:00:00-04:00,0.09,0.09,0.09,0.09,0,0.0,0.0
2024-03-21 00:00:00-04:00,0.09,0.09,0.09,0.09,6250,0.0,0.0
2024-03-20 00:00:00-04:00,0.12,0.12,0.12,0.12,0,0.0,0.0
2024-03-19 00:00:00-04:00,0.12,0.12,0.12,0.12,5875,0.0,0.0
2024-03-18 00:00:00-04:00,0.12,0.12,0.12,0.12,375,0.0,0.0
2024-03-15 00:00:00-04:00,0.11,0.11,0.09,0.09,18750,0.0,0.0
2024-03-14 00:00:00-04:00,0.12,0.12,0.12,0.12,0,0.0,0.0
2024-03-13 00:00:00-04:00,0.12,0.12,0.12,0.12,125,0.0,0.0
2024-03-12 00:00:00-04:00,0.12,0.12,0.12,0.12,18000,0.0,0.0
2024-03-11 00:00:00-04:00,0.12,0.12,0.12,0.12,0,0.0,0.0
2024-03-08 00:00:00-05:00,0.12,0.12,0.12,0.12,6200,0.0,0.0
2024-03-07 00:00:00-05:00,0.09,0.09,0.09,0.09,6288,0.0,0.0
2024-03-06 00:00:00-05:00,0.09,0.09,0.09,0.09,22475,0.0,0.0
2024-03-05 00:00:00-05:00,0.1,0.1,0.1,0.1,0,0.0,0.0
2024-03-04 00:00:00-05:00,0.1,0.1,0.1,0.1,0,0.0,0.0
2024-03-01 00:00:00-05:00,0.1,0.1,0.1,0.1,0,0.0,0.0
2024-02-29 00:00:00-05:00,0.1,0.1,0.1,0.1,6250,0.0,0.0
2024-02-28 00:00:00-05:00,0.11,0.11,0.11,0.11,12500,0.0,0.0
2024-02-27 00:00:00-05:00,0.12,0.12,0.11,0.11,33938,0.0,0.0
2024-02-26 00:00:00-05:00,0.12,0.12,0.12,0.12,0,0.0,0.0
2024-02-23 00:00:00-05:00,0.12,0.12,0.12,0.12,6250,0.0,0.0
2024-02-22 00:00:00-05:00,0.13,0.13,0.13,0.13,0,0.0,0.0
2024-02-21 00:00:00-05:00,0.13,0.13,0.13,0.13,1000,0.0,0.0
2024-02-20 00:00:00-05:00,0.1,0.1,0.1,0.1,125,0.0,0.0
2024-02-16 00:00:00-05:00,0.12,0.12,0.12,0.12,0,0.0,0.0
2024-02-15 00:00:00-05:00,0.12,0.12,0.09,0.12,56250,0.0,0.0
2024-02-14 00:00:00-05:00,0.15,0.15,0.15,0.15,0,0.0,0.0
2024-02-13 00:00:00-05:00,0.15,0.15,0.15,0.15,0,0.0,0.0
2024-02-12 00:00:00-05:00,0.15,0.15,0.15,0.15,625,0.0,0.0
2024-02-09 00:00:00-05:00,0.12,0.12,0.12,0.12,53375,0.0,0.0
2024-02-08 00:00:00-05:00,0.12,0.14,0.12,0.12,29063,0.0,0.0
2024-02-07 00:00:00-05:00,0.14,0.21,0.14,0.21,40713,0.0,0.0
2024-02-06 00:00:00-05:00,0.14,0.14,0.1,0.14,10475,0.0,0.0
2024-02-05 00:00:00-05:00,0.1,0.1,0.1,0.1,0,0.0,0.0
2024-02-02 00:00:00-05:00,0.1,0.1,0.1,0.1,0,0.0,0.0
2024-02-01 00:00:00-05:00,0.1,0.1,0.1,0.1,0,0.0,0.0
2024-01-31 00:00:00-05:00,0.1,0.1,0.1,0.1,0,0.0,0.0
2024-01-30 00:00:00-05:00,0.1,0.1,0.1,0.1,188,0.0,0.0
2024-01-29 00:00:00-05:00,0.1,0.12,0.1,0.12,1250,0.0,0.0
2024-01-26 00:00:00-05:00,0.04,0.04,0.04,0.04,0,0.0,0.0
2024-01-25 00:00:00-05:00,0.04,0.04,0.04,0.04,0,0.0,0.0
2024-01-24 00:00:00-05:00,0.04,0.04,0.04,0.04,0,0.0,0.0
2024-01-23 00:00:00-05:00,0.04,0.04,0.04,0.04,0,0.0,0.0
2024-01-22 00:00:00-05:00,0.04,0.04,0.04,0.04,0,0.0,0.0
2024-01-19 00:00:00-05:00,0.04,0.04,0.04,0.04,0,0.0,0.0
2024-01-18 00:00:00-05:00,0.04,0.04,0.04,0.04,0,0.0,0.0
2024-01-17 00:00:00-05:00,0.04,0.04,0.04,0.04,0,0.0,0.0
2024-01-16 00:00:00-05:00,0.04,0.04,0.04,0.04,288,0.0,0.0
2024-01-12 00:00:00-05:00,0.14,0.14,0.14,0.14,125,0.0,0.0
2024-01-11 00:00:00-05:00,0.14,0.14,0.14,0.14,0,0.0,0.0
2024-01-10 00:00:00-05:00,0.14,0.14,0.14,0.14,0,0.0,0.0
2024-01-09 00:00:00-05:00,0.14,0.14,0.14,0.14,0,0.0,0.0
2024-01-08 00:00:00-05:00,0.09,0.14,0.09,0.14,713,0.0,0.0
2024-01-05 00:00:00-05:00,0.04,0.04,0.04,0.04,1075,0.0,0.0
2024-01-04 00:00:00-05:00,0.14,0.14,0.14,0.14,0,0.0,0.0
2024-01-03 00:00:00-05:00,0.14,0.14,0.14,0.14,0,0.0,0.0
2024-01-02 00:00:00-05:00,0.14,0.14,0.14,0.14,0,0.0,0.0
2023-12-29 00:00:00-05:00,0.04,0.14,0.04,0.14,3875,0.0,0.0
2023-12-28 00:00:00-05:00,0.07,0.07,0.07,0.07,125,0.0,0.0
2023-12-27 00:00:00-05:00,0.14,0.14,0.14,0.14,0,0.0,0.0
2023-12-26 00:00:00-05:00,0.14,0.14,0.14,0.14,0,0.0,0.0
2023-12-22 00:00:00-05:00,0.14,0.14,0.14,0.14,0,0.0,0.0
2023-12-21 00:00:00-05:00,0.14,0.14,0.14,0.14,350,0.0,0.0
2023-12-20 00:00:00-05:00,0.07,0.07,0.07,0.07,0,0.0,0.0
2023-12-19 00:00:00-05:00,0.07,0.07,0.07,0.07,0,0.0,0.0
2023-12-18 00:00:00-05:00,0.07,0.07,0.07,0.07,0,0.0,0.0
2023-12-15 00:00:00-05:00,0.07,0.07,0.07,0.07,750,0.0,0.0
2023-12-14 00:00:00-05:00,0.07,0.07,0.07,0.07,0,0.0,0.0
2023-12-13 00:00:00-05:00,0.07,0.07,0.07,0.07,0,0.0,0.0
2023-12-12 00:00:00-05:00,0.07,0.07,0.07,0.07,1250,0.0,0.0
2023-12-11 00:00:00-05:00,0.06,0.06,0.06,0.06,0,0.0,0.0
2023-12-08 00:00:00-05:00,0.06,0.06,0.06,0.06,0,0.0,0.0
2023-12-07 00:00:00-05:00,0.06,0.06,0.06,0.06,0,0.0,0.0
2023-12-06 00:00:00-05:00,0.1,0.1,0.06,0.06,8825,0.0,0.0
2023-12-05 00:00:00-05:00,0.12,0.14,0.12,0.14,9788,0.0,0.0
2023-12-04 00:00:00-05:00,0.15,0.18,0.13,0.18,46163,0.0,0.0
2023-12-01 00:00:00-05:00,0.12,0.13,0.12,0.12,14813,0.0,0.0
2023-11-30 00:00:00-05:00,0.14,0.14,0.14,0.14,0,0.0,0.0
2023-11-29 00:00:00-05:00,0.14,0.14,0.14,0.14,625,0.0,0.0
2023-11-28 00:00:00-05:00,0.14,0.14,0.12,0.13,32263,0.0,0.0
2023-11-27 00:00:00-05:00,0.14,0.14,0.14,0.14,0,0.0,0.0
2023-11-24 00:00:00-05:00,0.13,0.14,0.12,0.14,23375,0.0,0.0
2023-11-22 00:00:00-05:00,0.12,0.12,0.12,0.12,20125,0.0,0.0
